,F1,F1v,F2,F3,F4,IN,Raug,deg_overlap,N3,SI,N4,kDN,D3,CM,Borderline,N1,T1,Clust,N2,ONB,LSCAvg,DBC,NSG,ICSV,MRCA,C1,Purity,C2,NeighbourhoodSeparability,IR,Silhouette,Bhattacharyya,Wasserstein,SVM_SVR,TwoNN_ID
F1,1,1.8717540564066024,2.5772732855357212,3.6146395368894519,3.3292318694994085,3.181922064135783,2.9486923685648083,2.9792826255306313,3.2828921600413397,3.0368765311647303,3.420386455785791,3.3202366627247044,3.8475664546456225,3.6532905964216833,3.7284703803851067,3.3952998977127304,3.5948329912026606,3.3464593840245112,2.785321610900648,2.7603470868956141,3.3843648838773346,3.344741506459286,3.0466338456963578,1.9065112409487608,1.5317320884872472,3.3831262776764426,3.5435440731755192,3.1964768341225636,2.3373769309551604,3.120208371984643,3.5868286203471089,3.4452479184211948,2.841737506017791,2.8993852739411938,3.9640252159762195
F1v,1.8717540564066024,1,3.8656850005296599,4.3844811862671804,4.2721879426315414,4.2044366896873049,1.2903903964710368,4.0396037352990239,4.2339179066629171,1.4401177589485925,4.2640709006694859,4.2539408774618845,4.4182428953111854,4.3776625708713652,4.3930026983323751,4.2826111382539711,4.315976746077502,4.2614823749271258,3.8678479946181845,1.0549226599781791,4.2885373566451657,4.1791335290899987,1.4432712490041564,3.1069493462601194,0.40817587880046413,4.2807324332306189,4.2176134240151297,4.1586429548723753,0.65814079924936264,1.5048171540765527,4.3674192271832695,4.3101809913852573,1.1428558569947782,3.9824287893989725,3.6024758688078062
F2,2.5772732855357212,3.8656850005296599,1,1.4618968190164974,1.0057087799609752,0.80111240722380772,4.3472536112827997,0.81344639268830221,1.0120800841199222,4.356109950784969,1.2994790436631827,1.0562075195322069,1.9845858022157477,1.6253980985618908,1.7800494961526643,1.1704101115298406,1.5716928021411798,1.1021900988145668,0.98335599684069364,4.2820438470362863,1.0911871436893343,1.3292184524875803,4.368643414297078,1.6989392682461746,3.6672603281401566,1.1444753213357572,1.8375824103135239,1.0528045441084075,4.0621696858869374,4.3962896355505565,1.412343256739135,1.1926864812690936,4.3004174645412903,0.83102939645996232,3.6640330930624128
F3,3.6146395368894519,4.3844811862671804,1.4618968190164974,1,0.48687681523934506,0.68192323551546752,4.4434131807442849,1.2455450362355682,0.67907471853801171,4.4202779920093844,0.77749326681294584,0.60826031087201771,0.69388163571779871,0.40135220211156097,0.55865618564365227,0.56591782731605789,0.82584655290534081,0.6167609360193852,1.6413997614868849,4.4589260744876,0.50308838097367437,1.1854500690147498,4.4191641086822129,2.7190637867795719,4.2937683947595495,0.54561173357307691,1.1916908389037597,0.97894504298815477,4.4366576506790238,4.4183854225364447,0.37122778451607219,0.47708732109709945,4.4637380215373543,1.3704703137694936,3.0191353876018048
F4,3.3292318694994085,4.2721879426315414,1.0057087799609752,0.48687681523934506,1,0.21776389463688517,4.4694020111667419,0.88472278655811643,0.4326122698463945,4.4511623902053215,0.70977677824578,0.39772328127924811,1.1100853239947153,0.7683323666281574,0.91860725259730835,0.45090718194537188,0.89188947365875892,0.43998878043349943,1.2963388794676209,4.460194862046067,0.24056411764748853,0.95545843465066183,4.458410337165529,2.3558918585636857,4.1458248939398601,0.41233855840024591,1.3377417583011038,0.75709890836385263,4.3669203053773709,4.4671647756058217,0.47273633533597181,0.34359776090447713,4.4616844650253142,1.0175447267629507,3.2610974008765687
IN,3.181922064135783,4.2044366896873049,0.80111240722380772,0.68192323551546752,0.21776389463688517,1,4.4609143904544544,0.79771622116606555,0.44362495775262017,4.4500783023289596,0.77862276895361138,0.43508795093592911,1.2712788746603216,0.90615963779112441,1.0688335091204999,0.5335140497872195,1.0131664104085611,0.49350910577733109,1.1998669993341406,4.4396711048468545,0.38178490574641216,1.0206519681533597,4.4565141532074897,2.234015050197363,4.0616061045456631,0.49215657366811455,1.3892012671197713,0.72787712750628408,4.3243312044068434,4.4700436175184368,0.6757843384121045,0.4957240423258919,4.4490837343219329,0.9174564604561587,3.3385089518252093
Raug,2.9486923685648083,1.2903903964710368,4.3472536112827997,4.4434131807442849,4.4694020111667419,4.4609143904544544,1,4.3979784033925338,4.4551007782063428,0.38997058353834207,4.4294574280456667,4.457207729557533,4.3180312746067502,4.3990833343034472,4.3609671789568498,4.4551051721675501,4.4045217043293237,4.4555750652332335,4.3020130284609381,0.29142364847318175,4.4706530604807089,4.3873342455418687,0.26183166035128452,3.7907758686628008,1.6316692461882174,4.4572539328242176,4.2737278512183181,4.4176666539091478,1.0072083881753144,0.23880082027018962,4.4488542852403121,4.4665726872476537,0.37680559478847353,4.3694889753864379,2.9993350858304053
deg_overlap,2.9792826255306313,4.0396037352990239,0.81344639268830221,1.2455450362355682,0.88472278655811643,0.79771622116606555,4.3979784033925338,1,0.62168111709735341,4.4287145526263707,0.70377867647539694,0.69649008578198535,1.893636602620361,1.3952781785572694,1.7402753078187549,0.74753929359233462,0.93193468892438314,0.68700347970863385,0.42565089072168555,4.3399274251059179,0.76907212857538343,1.1330644443780005,4.4349148737334829,2.1853528146525152,3.9103872307430816,0.75760523779801359,1.3825508511281521,0.46622740366999027,4.1093581156083019,4.4131432858786308,1.2335598227016673,0.80215745252980275,4.3431035313873148,0.15686689395339495,3.8010792894095609
N3,3.2828921600413397,4.2339179066629171,1.0120800841199222,0.67907471853801171,0.4326122698463945,0.44362495775262017,4.4551007782063428,0.62168111709735341,1,4.4721359549995796,0.3546731230382848,0.076575904433073577,1.3369032323522918,0.79403055520034804,1.1872511249254492,0.1698839122537886,0.64347176044698251,0.095626477347466571,1.0236132981058332,4.4273386447035419,0.30966692280189001,1.1556188792877513,4.4675783016359025,2.4923463844764107,4.1211824481702068,0.15627356928064071,1.0266907913826779,0.33678401501253796,4.3006461803605873,4.4525315963549437,0.7953932785418194,0.32739447790782727,4.445916234192711,0.72887445868611078,3.4651867337482685
SI,3.0368765311647303,1.4401177589485925,4.356109950784969,4.4202779920093844,4.4511623902053215,4.4500783023289596,0.38997058353834207,4.4287145526263707,4.4721359549995796,1,4.4580496829661147,4.4714803064377078,4.2676328037128481,4.4010811714177942,4.3116626452406095,4.4689080832298789,4.4256009867030777,4.4711134605185441,4.3534142711142145,0.63140519883400059,4.4614018421256798,4.3202482574307846,0.20185172466951212,3.7132478371080202,1.736621786369686,4.4694047222806184,4.3526895155627638,4.4594367948466367,1.2265571455704385,0.41828505048697162,4.4008350948939787,4.4601359683125654,0.48355851615053219,4.4123397447924431,2.8270976106698171
N4,3.420386455785791,4.2640709006694859,1.2994790436631827,0.77749326681294584,0.70977677824578,0.77862276895361138,4.4294574280456667,0.70377867647539694,0.3546731230382848,4.4580496829661147,1,0.36657183542259447,1.4058793696786922,0.83236554585401246,1.3076122514976574,0.27996249068451523,0.32550375110494101,0.29822429841111275,1.0354634244414052,4.404465325755937,0.50337680349214631,1.2459478777086606,4.4494523403491915,2.6966709255508072,4.1817733820902241,0.32722702258198039,0.84818751306062867,0.33656164070098649,4.2776046634496394,4.4126233670787984,0.91820499277846923,0.42893365624920382,4.4188661190919962,0.79083031795250125,3.5197212510468092
kDN,3.3202366627247044,4.2539408774618845,1.0562075195322069,0.60826031087201771,0.39772328127924811,0.43508795093592911,4.457207729557533,0.69649008578198535,0.076575904433073577,4.4714803064377078,0.36657183542259447,1,1.2647992086079065,0.72072824806475888,1.1161848882221501,0.12673075412481427,0.63814958745592842,0.071592223778089062,1.0977414196598534,4.4337060821787677,0.28353350012412359,1.1665309448341878,4.466156026746309,2.5269350422833412,4.1435004839296319,0.095584386206497896,1.0074913450333352,0.39813436298851956,4.3199206900770948,4.4523244978838683,0.74626723990742239,0.29499455104598171,4.4530330115559327,0.80431864918291474,3.4177162073076159
D3,3.8475664546456225,4.4182428953111854,1.9845858022157477,0.69388163571779871,1.1100853239947153,1.2712788746603216,4.3180312746067502,1.893636602620361,1.3369032323522918,4.2676328037128481,1.4058793696786922,1.2647992086079065,1,0.68024787680536913,0.23722413625282798,1.22642538872869,1.3873365339231918,1.2778543557270121,2.2651765837488784,4.3718902846167982,1.1812545791908005,1.6523422811440316,4.2606756666801555,3.0248062331904029,4.3513866175183145,1.2068693336333942,1.5164792403083971,1.6138926832298968,4.4667501148647446,4.2756172237468384,0.84878345669398669,1.1590022632656793,4.3825776990080172,2.0079894146186463,2.4793056497689241
CM,3.6532905964216833,4.3776625708713652,1.6253980985618908,0.40135220211156097,0.7683323666281574,0.90615963779112441,4.3990833343034472,1.3952781785572694,0.79403055520034804,4.4010811714177942,0.83236554585401246,0.72072824806475888,0.68024787680536913,1,0.61969784734699052,0.67374542009942806,0.89039194720571624,0.72764691919961599,1.7657447297469697,4.4121112059889382,0.76828568020069898,1.5530124319005221,4.3818067786320505,2.957006408567517,4.3013574727882515,0.65923131656160094,0.91559133331265008,1.0251601022089327,4.4210739096670277,4.3702490915750349,0.76850813224973591,0.72531694810347891,4.4475090741446062,1.490721869228365,2.9700078829955898
Borderline,3.7284703803851067,4.3930026983323751,1.7800494961526643,0.55865618564365227,0.91860725259730835,1.0688335091204999,4.3609671789568498,1.7402753078187549,1.1872511249254492,4.3116626452406095,1.3076122514976574,1.1161848882221501,0.23722413625282798,0.61969784734699052,1,1.0957165562547497,1.3336340129073643,1.1387655992641608,2.1233007173820271,4.4033491985048832,1.0230369565811466,1.5134804626056748,4.3086037934509873,2.8583530888164272,4.3059543335299271,1.0692833273992568,1.506697968112604,1.4853519978155116,4.4672888434289373,4.33035915659321,0.69784703197792197,1.0203535602063594,4.4139798166151145,1.8578147517933792,2.5938165600851941
N1,3.3952998977127304,4.2826111382539711,1.1704101115298406,0.56591782731605789,0.45090718194537188,0.5335140497872195,4.4551051721675501,0.74753929359233462,0.1698839122537886,4.4689080832298789,0.27996249068451523,0.12673075412481427,1.22642538872869,0.67374542009942806,1.0957165562547497,1,0.52207617826153407,0.074701177727398552,1.1382566802679268,4.4363310530149462,0.28621407135088583,1.1653962898136514,4.4631344286343966,2.6032332034598951,4.1833045751677052,0.04905134050490173,0.95256435731986466,0.42017965874415675,4.3302461781256749,4.4436244202949737,0.71939780051935842,0.24444022412731914,4.4520795174349788,0.85694127454080082,3.4020262295219226
T1,3.5948329912026606,4.315976746077502,1.5716928021411798,0.82584655290534081,0.89188947365875892,1.0131664104085611,4.4045217043293237,0.93193468892438314,0.64347176044698251,4.4256009867030777,0.32550375110494101,0.63814958745592842,1.3873365339231918,0.89039194720571624,1.3336340129073643,0.52207617826153407,1,0.56851174809920169,1.2145171401309538,4.3935003718659296,0.66693161830702041,1.2499251068146373,4.4197214959064057,2.8441323693165068,4.2602377764895678,0.56875513710222991,0.89919554051888795,0.64066651795622132,4.2844492703982207,4.3712661991903774,0.93874665726969941,0.55745354703311667,4.3918729418086881,1.0214909802753143,3.4740176977877897
Clust,3.3464593840245112,4.2614823749271258,1.1021900988145668,0.6167609360193852,0.43998878043349943,0.49350910577733109,4.4555750652332335,0.68700347970863385,0.095626477347466571,4.4711134605185441,0.29822429841111275,0.071592223778089062,1.2778543557270121,0.72764691919961599,1.1387655992641608,0.074701177727398552,0.56851174809920169,1,1.0827430703723955,4.4326618216513101,0.28760115969761285,1.1590565806702222,4.465838386730959,2.5557130150493461,4.1565316008871536,0.074226119968753571,0.98046080153009374,0.37193942419265597,4.3168747919954313,4.4479424205325726,0.75293379161703389,0.27283223103208953,4.4496109001593815,0.7956467032247605,3.4331002486993394
N2,2.785321610900648,3.8678479946181845,0.98335599684069364,1.6413997614868849,1.2963388794676209,1.1998669993341406,4.3020130284609381,0.42565089072168555,1.0236132981058332,4.3534142711142145,1.0354634244414052,1.0977414196598534,2.2651765837488784,1.7657447297469697,2.1233007173820271,1.1382566802679268,1.2145171401309538,1.0827430703723955,1,4.221374611233415,1.1792074927124607,1.3794857049993146,4.3605369182436418,2.1269001933164469,3.7396794148570747,1.1537510691426049,1.5922232165428409,0.79314185789578251,3.925604488704395,4.3267677438910637,1.6218227681990809,1.2018288864071613,4.2230985455294423,0.31032255434378475,4.0079371797848822
ONB,2.7603470868956141,1.0549226599781791,4.2820438470362863,4.4589260744876,4.460194862046067,4.4396711048468545,0.29142364847318175,4.3399274251059179,4.4273386447035419,0.63140519883400059,4.404465325755937,4.4337060821787677,4.3718902846167982,4.4121112059889382,4.4033491985048832,4.4363310530149462,4.3935003718659296,4.4326618216513101,4.221374611233415,1,4.4591665182812132,4.3892461102036089,0.53625266641197267,3.7212655103979198,1.4192329434875783,4.4387514679223301,4.2479955709601898,4.3727187658005739,0.76053063970528867,0.4925739590193991,4.4689564499394736,4.4577964568518338,0.38770628377978561,4.3018151915974308,3.1804547982025988
LSCAvg,3.3843648838773346,4.2885373566451657,1.0911871436893343,0.50308838097367437,0.24056411764748853,0.38178490574641216,4.4706530604807089,0.76907212857538343,0.30966692280189001,4.4614018421256798,0.50337680349214631,0.28353350012412359,1.1812545791908005,0.76828568020069898,1.0230369565811466,0.28621407135088583,0.66693161830702041,0.28760115969761285,1.1792074927124607,4.4591665182812132,1,0.9186442454232645,4.4675215726199413,2.4397416378604699,4.1776967071878337,0.26845706474761988,1.2224682093643411,0.6085910724291933,4.351202072250576,4.4615288534374979,0.50753301000764051,0.11968832466104103,4.4560524561143851,0.90769725086400999,3.3502288160109419
DBC,3.344741506459286,4.1791335290899987,1.3292184524875803,1.1854500690147498,0.95545843465066183,1.0206519681533597,4.3873342455418687,1.1330644443780005,1.1556188792877513,4.3202482574307846,1.2459478777086606,1.1665309448341878,1.6523422811440316,1.5530124319005221,1.5134804626056748,1.1653962898136514,1.2499251068146373,1.1590565806702222,1.3794857049993146,4.3892461102036089,0.9186442454232645,1,4.3672805220186266,1.9943111019560908,4.0620205189792324,1.1639334578367033,2.0187462079636194,1.3156377907364862,4.2309055873251573,4.3794186882428638,0.86535818435417822,0.95323957182702035,4.3101642915176095,1.2697819224827829,3.4069858009893625
NSG,3.0466338456963578,1.4432712490041564,4.368643414297078,4.4191641086822129,4.458410337165529,4.4565141532074897,0.26183166035128452,4.4349148737334829,4.4675783016359025,0.20185172466951212,4.4494523403491915,4.466156026746309,4.2606756666801555,4.3818067786320505,4.3086037934509873,4.4631344286343966,4.4197214959064057,4.465838386730959,4.3605369182436418,0.53625266641197267,4.4675215726199413,4.3672805220186266,1,3.7911546508185587,1.7517244341551803,4.4638117068886967,4.3067145024913573,4.4494727572164843,1.2213005095727794,0.29016829728112109,4.4166587997193307,4.4643712581541966,0.51584445381521027,4.4151517128507711,2.8203103779014866
ICSV,1.9065112409487608,3.1069493462601194,1.6989392682461746,2.7190637867795719,2.3558918585636857,2.234015050197363,3.7907758686628008,2.1853528146525152,2.4923463844764107,3.7132478371080202,2.6966709255508072,2.5269350422833412,3.0248062331904029,2.957006408567517,2.8583530888164272,2.6032332034598951,2.8441323693165068,2.5557130150493461,2.1269001933164469,3.7212655103979198,2.4397416378604699,1.9943111019560908,3.7911546508185587,1,2.8410532001630884,2.5851705162455545,3.2333168278122448,2.5343360543393283,3.4047664537156135,3.8857322717651974,2.5127113666529768,2.5254450661629488,3.6427477007603248,2.1918104789269615,3.6992990695991796
MRCA,1.5317320884872472,0.40817587880046413,3.6672603281401566,4.2937683947595495,4.1458248939398601,4.0616061045456631,1.6316692461882174,3.9103872307430816,4.1211824481702068,1.736621786369686,4.1817733820902241,4.1435004839296319,4.3513866175183145,4.3013574727882515,4.3059543335299271,4.1833045751677052,4.2602377764895678,4.1565316008871536,3.7396794148570747,1.4192329434875783,4.1776967071878337,4.0620205189792324,1.7517244341551803,2.8410532001630884,1,4.1779797140303305,4.176941843540618,4.0532257253674597,1.0408597347285709,1.8461961209478541,4.2672909068741189,4.2099864209423759,1.4970853378262083,3.8517154160920071,3.6381577677862746
C1,3.3831262776764426,4.2807324332306189,1.1444753213357572,0.54561173357307691,0.41233855840024591,0.49215657366811455,4.4572539328242176,0.75760523779801359,0.15627356928064071,4.4694047222806184,0.32722702258198039,0.095584386206497896,1.2068693336333942,0.65923131656160094,1.0692833273992568,0.04905134050490173,0.56875513710222991,0.074226119968753571,1.1537510691426049,4.4387514679223301,0.26845706474761988,1.1639334578367033,4.4638117068886967,2.5851705162455545,4.1779797140303305,1,0.97298918365423215,0.4405632283606381,4.3352023267263293,4.4472802194653536,0.70155691195262249,0.24395644830656421,4.4555856216486367,0.86793596804856155,3.3860339635575332
Purity,3.5435440731755192,4.2176134240151297,1.8375824103135239,1.1916908389037597,1.3377417583011038,1.3892012671197713,4.2737278512183181,1.3825508511281521,1.0266907913826779,4.3526895155627638,0.84818751306062867,1.0074913450333352,1.5164792403083971,0.91559133331265008,1.506697968112604,0.95256435731986466,0.89919554051888795,0.98046080153009374,1.5922232165428409,4.2479955709601898,1.2224682093643411,2.0187462079636194,4.3067145024913573,3.2333168278122448,4.176941843540618,0.97298918365423215,1,0.94442093718124964,4.1992636651824409,4.244782249036045,1.4979874145173551,1.1535178251964247,4.3233895365611463,1.3939157305893894,3.3939742867468401
C2,3.1964768341225636,4.1586429548723753,1.0528045441084075,0.97894504298815477,0.75709890836385263,0.72787712750628408,4.4176666539091478,0.46622740366999027,0.33678401501253796,4.4594367948466367,0.33656164070098649,0.39813436298851956,1.6138926832298968,1.0251601022089327,1.4853519978155116,0.42017965874415675,0.64066651795622132,0.37193942419265597,0.79314185789578251,4.3727187658005739,0.6085910724291933,1.3156377907364862,4.4494727572164843,2.5343360543393283,4.0532257253674597,0.4405632283606381,0.94442093718124964,1,4.2067667699780262,4.4182036569134775,1.0983971700292194,0.59844402211269399,4.3991951258899515,0.5188924572866348,3.6467137356345938
NeighbourhoodSeparability,2.3373769309551604,0.65814079924936264,4.0621696858869374,4.4366576506790238,4.3669203053773709,4.3243312044068434,1.0072083881753144,4.1093581156083019,4.3006461803605873,1.2265571455704385,4.2776046634496394,4.3199206900770948,4.4667501148647446,4.4210739096670277,4.4672888434289373,4.3302461781256749,4.2844492703982207,4.3168747919954313,3.925604488704395,0.76053063970528867,4.351202072250576,4.2309055873251573,1.2213005095727794,3.4047664537156135,1.0408597347285709,4.3352023267263293,4.1992636651824409,4.2067667699780262,1,1.1651653436395037,4.4246883125399039,4.3556366531009578,0.78160639703379453,4.053958786964083,3.6464910031377036
IR,3.120208371984643,1.5048171540765527,4.3962896355505565,4.4183854225364447,4.4671647756058217,4.4700436175184368,0.23880082027018962,4.4131432858786308,4.4525315963549437,0.41828505048697162,4.4126233670787984,4.4523244978838683,4.2756172237468384,4.3702490915750349,4.33035915659321,4.4436244202949737,4.3712661991903774,4.4479424205325726,4.3267677438910637,0.4925739590193991,4.4615288534374979,4.3794186882428638,0.29016829728112109,3.8857322717651974,1.8461961209478541,4.4472802194653536,4.244782249036045,4.4182036569134775,1.1651653436395037,1,4.4262683122245576,4.4517686092545032,0.49435962973527048,4.3892699019591079,2.9270654308268362
Silhouette,3.5868286203471089,4.3674192271832695,1.412343256739135,0.37122778451607219,0.47273633533597181,0.6757843384121045,4.4488542852403121,1.2335598227016673,0.7953932785418194,4.4008350948939787,0.91820499277846923,0.74626723990742239,0.84878345669398669,0.76850813224973591,0.69784703197792197,0.71939780051935842,0.93874665726969941,0.75293379161703389,1.6218227681990809,4.4689564499394736,0.50753301000764051,0.86535818435417822,4.4166587997193307,2.5127113666529768,4.2672909068741189,0.70155691195262249,1.4979874145173551,1.0983971700292194,4.4246883125399039,4.4262683122245576,1,0.51484510195811328,4.4445555256074387,1.3772012511388514,3.0408429720678778
Bhattacharyya,3.4452479184211948,4.3101809913852573,1.1926864812690936,0.47708732109709945,0.34359776090447713,0.4957240423258919,4.4665726872476537,0.80215745252980275,0.32739447790782727,4.4601359683125654,0.42893365624920382,0.29499455104598171,1.1590022632656793,0.72531694810347891,1.0203535602063594,0.24444022412731914,0.55745354703311667,0.27283223103208953,1.2018288864071613,4.4577964568518338,0.11968832466104103,0.95323957182702035,4.4643712581541966,2.5254450661629488,4.2099864209423759,0.24395644830656421,1.1535178251964247,0.59844402211269399,4.3556366531009578,4.4517686092545032,0.51484510195811328,1,4.4541103363341676,0.9374036883757576,3.3469950854616348
Wasserstein,2.841737506017791,1.1428558569947782,4.3004174645412903,4.4637380215373543,4.4616844650253142,4.4490837343219329,0.37680559478847353,4.3431035313873148,4.445916234192711,0.48355851615053219,4.4188661190919962,4.4530330115559327,4.3825776990080172,4.4475090741446062,4.4139798166151145,4.4520795174349788,4.3918729418086881,4.4496109001593815,4.2230985455294423,0.38770628377978561,4.4560524561143851,4.3101642915176095,0.51584445381521027,3.6427477007603248,1.4970853378262083,4.4555856216486367,4.3233895365611463,4.3991951258899515,0.78160639703379453,0.49435962973527048,4.4445555256074387,4.4541103363341676,1,4.3126142536118843,3.1831520246788783
SVM_SVR,2.8993852739411938,3.9824287893989725,0.83102939645996232,1.3704703137694936,1.0175447267629507,0.9174564604561587,4.3694889753864379,0.15686689395339495,0.72887445868611078,4.4123397447924431,0.79083031795250125,0.80431864918291474,2.0079894146186463,1.490721869228365,1.8578147517933792,0.85694127454080082,1.0214909802753143,0.7956467032247605,0.31032255434378475,4.3018151915974308,0.90769725086400999,1.2697819224827829,4.4151517128507711,2.1918104789269615,3.8517154160920071,0.86793596804856155,1.3939157305893894,0.5188924572866348,4.053958786964083,4.3892699019591079,1.3772012511388514,0.9374036883757576,4.3126142536118843,1,3.8676377857303339
TwoNN_ID,3.9640252159762195,3.6024758688078062,3.6640330930624128,3.0191353876018048,3.2610974008765687,3.3385089518252093,2.9993350858304053,3.8010792894095609,3.4651867337482685,2.8270976106698171,3.5197212510468092,3.4177162073076159,2.4793056497689241,2.9700078829955898,2.5938165600851941,3.4020262295219226,3.4740176977877897,3.4331002486993394,4.0079371797848822,3.1804547982025988,3.3502288160109419,3.4069858009893625,2.8203103779014866,3.6992990695991796,3.6381577677862746,3.3860339635575332,3.3939742867468401,3.6467137356345938,3.6464910031377036,2.9270654308268362,3.0408429720678778,3.3469950854616348,3.1831520246788783,3.8676377857303339,1
