,F1,F1v,F2,F3,F4,IN,Raug,deg_overlap,N3,SI,N4,kDN,D3,CM,Borderline,N1,T1,Clust,N2,ONB,LSCAvg,DBC,NSG,ICSV,MRCA,C1,Purity,C2,NeighbourhoodSeparability,IR,Silhouette,Bhattacharyya,Wasserstein,SVM_SVR,TwoNN_ID
F1,1.0,3.316007514370183,5.225195622482498,6.545405714291833,6.203541847591435,6.033808341606023,5.175348026000408,6.138294053786929,6.324267928249012,5.689329120474076,6.529301544204981,6.3288704102270215,6.902408656067404,6.870766181628654,6.801882313671585,6.424729562641069,6.687035429743275,6.38650947249797,5.844181197598869,4.78174056476501,6.410531772082884,6.182336921128262,5.644695878159796,4.032740147088468,2.6765797954398636,6.391379278552983,6.4716032213790475,6.295148178417072,4.023779849404502,5.539014870791339,6.316666714269848,6.491987950049634,4.812831895711497,6.017170336363623,8.151290363265502
F1v,3.316007514370183,1.0,7.660123427290202,8.733674652889807,8.638469652399138,8.468736146413727,2.5557937884967594,8.573221858594632,8.759195733056714,3.069774882970428,8.964229349012685,8.763798215034726,8.818421685283324,8.786779210844573,8.717895342887505,8.859657367448774,9.121963234550979,8.821437277305673,8.279109002406573,1.9355983525889302,8.845459576890587,8.617264725935966,3.025141640656148,5.258555722779475,0.6515436988797507,8.826307083360689,8.426041532838706,8.730075983224776,1.2251192318185957,2.9194606332876916,8.751594519077553,8.926915754857339,2.181545121667136,8.452098141171328,6.179375342500102
F2,5.225195622482498,7.660123427290202,1.0,2.876409041048415,1.8619773739959142,1.5272404697597077,7.811851221725963,1.5657909241903412,1.8687547831357074,7.794714190882438,2.2250464299469725,2.0101246192351265,3.947909933331117,3.4587353024289635,3.5209409255761948,2.1827120184293536,2.7233707717663247,2.04265875932073,2.085737062168123,7.83360720245959,1.9077141700674611,2.865563854719087,7.832887884390652,3.224917682336158,7.496762707988855,2.171337859231998,3.5763967933064222,1.747054004467272,7.375162053227567,7.61577044828204,2.61626987243692,2.0790191584848428,7.673233722658281,1.7260640275743684,7.30446738488139
F3,6.545405714291833,8.733674652889807,2.876409041048415,1.0,1.014431667052501,1.3491685712887074,8.885402447325568,2.4042459300110917,1.4221064575887608,8.868265416482043,1.405813493135716,1.279377238544739,1.3705318999108544,0.7908980287717846,1.1218124292309082,1.1247992073351143,1.6678082404791148,1.2622982281129904,3.0024593421759795,8.907158428059194,0.9686948709809542,2.1571411469428554,8.906439109990256,5.282777495905356,8.57031393358846,1.1165051653568874,2.2133231549413033,1.920319857631981,8.605876848760747,8.689321673881647,0.6844463564078996,0.8608583830066837,8.746784948257886,2.6572089226094393,5.817595422288273
F4,6.203541847591435,8.638469652399138,1.8619773739959142,1.014431667052501,1.0,0.3833365749568824,8.790197446834899,1.5276464686284341,0.7963626949873168,8.773060415991374,1.5225578072183383,0.7386988213520931,2.2471313612935124,1.5967579284330493,1.8385870398462254,0.9195590001576583,1.909229990766576,0.8771806823915245,2.125859880793322,8.811953427568525,0.5002550715372529,1.5326312790364913,8.811234109499587,4.552685217492468,8.475108933097792,0.8170685145631291,2.8625634662008714,1.3826419874090954,8.353508278336502,8.594116673390978,0.9434636283351334,0.7112001123210795,8.651579947767218,1.7806094612267815,6.087581777590538
IN,6.033808341606023,8.468736146413727,1.5272404697597077,1.3491685712887074,0.3833365749568824,1.0,8.620463940849486,1.333684938104627,0.9286687259597795,8.603326910005961,1.654863838190801,0.8710048523245557,2.6251671684362807,1.9314948326692556,2.2166228469889937,1.051865031130121,2.0415360217390384,1.0094867133639869,1.8955411468700587,8.642219921583115,0.6523333737382279,1.9159678539933735,8.641500603514176,4.38825247932117,8.305375427112379,0.9493745455355918,2.9895687293592204,1.5149480183815578,8.18377477235109,8.424383167405566,1.3268002032920159,0.8477313186279458,8.481846441781805,1.4939580414886542,6.125579912682983
Raug,5.175348026000408,2.5557937884967594,7.811851221725963,8.885402447325568,8.790197446834899,8.620463940849486,1.0,8.724949653030393,8.910923527492475,0.5854542836485094,9.115957143448444,8.915526009470486,8.305704566421696,8.71939340236859,8.34617546244963,9.011385161884533,9.273691028986738,8.973165071741434,8.430836796842334,0.6201954359078294,8.997187371326348,8.768992520371725,0.46934785215938873,6.5383291196472175,3.0197448081762963,8.978034877796448,8.577769327274467,8.881803777660535,2.0804069761840727,0.40030101401003054,8.903322313513314,9.078643549293098,0.6869785087646108,8.603825935607087,5.539790679786126
deg_overlap,6.138294053786929,8.573221858594632,1.5657909241903412,2.4042459300110917,1.5276464686284341,1.333684938104627,8.724949653030393,1.0,1.2124483949557425,8.707812622186868,1.518575238501818,1.3538182310551619,3.774777829921946,2.8024289142489986,3.3662335084746595,1.526405630249389,1.842277398357178,1.3863523711407653,0.717944061914736,8.74670563376402,1.4449928759755482,2.0503644394993645,8.745986315695081,3.477524115522402,8.409861139293286,1.5150314710520327,2.8049830038571235,0.9862156915269169,8.288260484531996,8.528868879586472,2.4615624553353843,1.5433875470044083,8.586332153962712,0.26717990670283964,7.419470568568584
N3,6.324267928249012,8.759195733056714,1.8687547831357074,1.4221064575887608,0.7963626949873168,0.9286687259597795,8.910923527492475,1.2124483949557425,1.0,8.89378649664895,0.7261951122310215,0.14272921904402147,2.792638357499615,1.5899805192932561,2.3840940360523284,0.31395723529364633,1.112867295779259,0.17390397618502262,1.8224696658699984,8.932679508226101,0.5503988285899762,1.9057138996120613,8.931960190157163,4.4943978175704435,8.595835013755368,0.30560129223187343,2.245214251793156,0.5862792924217783,8.47423435899408,8.714842754048554,1.4794229829130527,0.6728864560911725,8.772306028424794,1.343667809376371,6.818879663516037
SI,5.689329120474076,3.069774882970428,7.794714190882438,8.868265416482043,8.773060415991374,8.603326910005961,0.5854542836485094,8.707812622186868,8.89378649664895,1.0,9.098820112604919,8.898388978626961,8.28856753557817,8.702256371525067,8.329038431606106,8.994248131041008,9.256553998143215,8.956028040897909,8.413699765998807,1.134176530381498,8.980050340482823,8.751855489528202,0.3767580040647466,6.521157738457907,3.533725902649965,8.960897846952923,8.560632296430942,8.864666746817012,2.594388070657741,0.813571384648955,8.88618528266979,9.061506518449574,0.8882297613032917,8.586688904763562,5.57692110658236
N4,6.529301544204981,8.964229349012685,2.2250464299469725,1.405813493135716,1.5225578072183383,1.654863838190801,9.115957143448444,1.518575238501818,0.7261951122310215,9.098820112604919,1.0,0.7838589858662453,2.670468133128531,1.363250770701457,2.5276259223666244,0.60299880706068,0.6268647965161591,0.645377124826814,2.128596509416074,9.137713124182072,1.0223027356810857,2.275994476938439,9.136993806113132,4.581250081538725,8.800868629711337,0.7054892926552092,1.7395917722950966,0.6203836244143044,8.679267974950047,8.919876370004523,1.5590518996077978,0.811357694897259,8.977339644380763,1.6497946529224468,7.223408915423989
kDN,6.3288704102270215,8.763798215034726,2.0101246192351265,1.279377238544739,0.7386988213520931,0.8710048523245557,8.915526009470486,1.3538182310551619,0.14272921904402147,8.898388978626961,0.7838589858662453,1.0,2.6499091384555933,1.4486106831938366,2.2413648170083063,0.2156486812146206,1.1705311694144827,0.13848186103943128,1.963839501969418,8.937281990204113,0.5042055319519706,1.9043545166674596,8.936562672135175,4.59553622195447,8.600437495733377,0.16287207318785196,2.2063422030223636,0.6593040084770974,8.47883684097209,8.719445236026564,1.3366937638690313,0.6266931594531668,8.776908510402805,1.4850376454757905,6.720984358165419
D3,6.902408656067404,8.818421685283324,3.947909933331117,1.3705318999108544,2.2471313612935124,2.6251671684362807,8.305704566421696,3.774777829921946,2.792638357499615,8.28856753557817,2.670468133128531,2.6499091384555933,1.0,1.3221378732583613,0.4356221587943565,2.4953311072459687,2.687627050710489,2.6328301280238446,4.372991242086834,8.349728745551257,2.3297849539463984,3.2286420392255573,8.326741229086384,6.3542783881880585,8.654347403055578,2.4870370652677414,2.5565415142091226,3.2908517575428355,8.962879790536316,8.109623792977773,1.5847889760307745,2.231390282917538,8.6700474535113,4.027740822520294,4.748175293480175
CM,6.870766181628654,8.786779210844573,3.4587353024289635,0.7908980287717846,1.5967579284330493,1.9314948326692556,8.71939340236859,2.8024289142489986,1.5899805192932561,8.702256371525067,1.363250770701457,1.4486106831938366,1.3221378732583613,1.0,1.1643751516651673,1.2760232839996097,1.4733963685424543,1.4160765431082334,3.4124501851632543,8.741149383102217,1.5510211323615024,2.739467408323404,8.74043006503328,5.8651037572859055,8.622704928616828,1.2873974431969657,1.679964011325001,1.968713884284474,8.931237316097565,8.523312628924668,1.4753443851796841,1.379716143944121,8.638404979072547,2.9336483286696273,5.860158144722533
Borderline,6.801882313671585,8.717895342887505,3.5209409255761948,1.1218124292309082,1.8385870398462254,2.2166228469889937,8.34617546244963,3.3662335084746595,2.3840940360523284,8.329038431606106,2.5276259223666244,2.2413648170083063,0.4356221587943565,1.1643751516651673,1.0,2.086786785798682,2.5737076496338034,2.2242858065765576,3.9644469206395474,8.36793144318326,1.9212406324991111,2.793019880431201,8.36721212511432,5.918656229393703,8.55382106065976,2.078492743820455,2.721902822925302,2.882307436095549,8.862353448140498,8.150094689005709,1.2130697868559688,1.8837513527348253,8.569521111115481,3.6191965010730067,4.7886461895081105
N1,6.424729562641069,8.859657367448774,2.1827120184293536,1.1247992073351143,0.9195590001576583,1.051865031130121,9.011385161884533,1.526405630249389,0.31395723529364633,8.994248131041008,0.60299880706068,0.2156486812146206,2.4953311072459687,1.2760232839996097,2.086786785798682,1.0,0.9896709906089174,0.1400532591086237,2.136426901163645,9.033141142618161,0.5603239940427871,1.9470429429963434,9.032421824549221,4.648334092348124,8.696296648147424,0.10249048559452933,2.068543306237192,0.7955206502968668,8.574695993386136,8.81530438844061,1.1821157326594065,0.4348920716815059,8.872767662816852,1.6576250446700174,6.782055008170411
T1,6.687035429743275,9.121963234550979,2.7233707717663247,1.6678082404791148,1.909229990766576,2.0415360217390384,9.273691028986738,1.842277398357178,1.112867295779259,9.256553998143215,0.6268647965161591,1.1705311694144827,2.687627050710489,1.4733963685424543,2.5737076496338034,0.9896709906089174,1.0,1.0320493083750515,2.452298669271434,9.295447009720366,1.408974919229323,2.488044478522684,9.294727691651428,4.904952241394085,8.95860251524963,1.0921614762034466,1.7806936485978766,1.2121152789612908,8.837001860488343,9.077610255542817,1.934888394286724,1.1980298784454964,9.135073529919056,1.9734968127778068,7.269490642691168
Clust,6.38650947249797,8.821437277305673,2.04265875932073,1.2622982281129904,0.8771806823915245,1.0094867133639869,8.973165071741434,1.3863523711407653,0.17390397618502262,8.956028040897909,0.645377124826814,0.13848186103943128,2.6328301280238446,1.4160765431082334,2.2242858065765576,0.1400532591086237,1.0320493083750515,1.0,1.996373642055021,8.99492105247506,0.4869411315115848,1.9198096463213123,8.994201734406122,4.579109457439956,8.658076558004325,0.1457930627561032,2.1419261687683946,0.6580216295189907,8.536475903243037,8.777084298297513,1.3196147534372826,0.5355483222359563,8.834547572673753,1.5175717855613937,6.810505314604733
N2,5.844181197598869,8.279109002406573,2.085737062168123,3.0024593421759795,2.125859880793322,1.8955411468700587,8.430836796842334,0.717944061914736,1.8224696658699984,8.413699765998807,2.128596509416074,1.963839501969418,4.372991242086834,3.4124501851632543,3.9644469206395474,2.136426901163645,2.452298669271434,1.996373642055021,1.0,8.45259277757596,2.043206288140436,2.3365798951691303,8.451873459507022,3.4793898331615476,8.115748283105226,2.1250527419662886,3.4150042747713796,1.5962369624411727,7.994147628343937,8.234756023398411,3.0597758675002718,2.141600959169296,8.29221929777465,0.5725077333896151,7.831493915545886
ONB,4.78174056476501,1.9355983525889302,7.83360720245959,8.907158428059194,8.811953427568525,8.642219921583115,0.6201954359078294,8.74670563376402,8.932679508226101,1.134176530381498,9.137713124182072,8.937281990204113,8.349728745551257,8.741149383102217,8.36793144318326,9.033141142618161,9.295447009720366,8.99492105247506,8.45259277757596,1.0,9.018943352059974,8.790748501105353,1.0895432880672182,6.311469710878069,2.4097794268294734,8.999790858530076,8.599525308008094,8.903559758394163,1.4602115402762434,0.9838622806987612,8.92507829424694,9.100399530026726,0.7266389568395578,8.625581916340716,5.710682402768034
LSCAvg,6.410531772082884,8.845459576890587,1.9077141700674611,0.9686948709809542,0.5002550715372529,0.6523333737382279,8.997187371326348,1.4449928759755482,0.5503988285899762,8.980050340482823,1.0223027356810857,0.5042055319519706,2.3297849539463984,1.5510211323615024,1.9212406324991111,0.5603239940427871,1.408974919229323,0.4869411315115848,2.043206288140436,9.018943352059974,1.0,1.4818198829905966,9.018224033991036,4.493116236367555,8.682098857589239,0.5102327131030948,2.628867300279979,0.9794186565670453,8.56049820282795,8.801106597882425,1.0165695793598357,0.21094504078382664,8.858569872258666,1.6979558685738954,6.482531071931331
DBC,6.182336921128262,8.617264725935966,2.865563854719087,2.1571411469428554,1.5326312790364913,1.9159678539933735,8.768992520371725,2.0503644394993645,1.9057138996120613,8.751855489528202,2.275994476938439,1.9043545166674596,3.2286420392255573,2.739467408323404,2.793019880431201,1.9470429429963434,2.488044478522684,1.9198096463213123,2.3365798951691303,8.790748501105353,1.4818198829905966,1.0,8.790029183036417,3.3587090031564912,8.45390400663462,1.902695683476474,4.015586249233535,2.1776945962264556,8.332303351873332,8.572911746927804,1.643853063194783,1.5735710332650463,8.630375021304044,2.2790148209958963,6.056063547985056
NSG,5.644695878159796,3.025141640656148,7.832887884390652,8.906439109990256,8.811234109499587,8.641500603514176,0.46934785215938873,8.745986315695081,8.931960190157163,0.3767580040647466,9.136993806113132,8.936562672135175,8.326741229086384,8.74043006503328,8.36721212511432,9.032421824549221,9.294727691651428,8.994201734406122,8.451873459507022,1.0895432880672182,9.018224033991036,8.790029183036417,1.0,6.594140373331005,3.489092660335685,8.999071540461138,8.598805989939155,8.902840440325225,2.5497548283434615,0.6196164172417102,8.924358976178002,9.099680211957786,0.8918188276564495,8.624862598271775,5.390761614578075
ICSV,4.032740147088468,5.258555722779475,3.224917682336158,5.282777495905356,4.552685217492468,4.38825247932117,6.5383291196472175,3.477524115522402,4.4943978175704435,6.521157738457907,4.581250081538725,4.59553622195447,6.3542783881880585,5.8651037572859055,5.918656229393703,4.648334092348124,4.904952241394085,4.579109457439956,3.4793898331615476,6.311469710878069,4.493116236367555,3.3587090031564912,6.594140373331005,1.0,5.095195003478128,4.6673830129148755,5.86765784689403,4.209572293036369,5.630988889753512,6.742549360213326,4.7694894121572835,4.55047945786197,6.342561041824557,3.3519680440692095,7.25652588476223
MRCA,2.6765797954398636,0.6515436988797507,7.496762707988855,8.57031393358846,8.475108933097792,8.305375427112379,3.0197448081762963,8.409861139293286,8.595835013755368,3.533725902649965,8.800868629711337,8.600437495733377,8.654347403055578,8.622704928616828,8.55382106065976,8.696296648147424,8.95860251524963,8.658076558004325,8.115748283105226,2.4097794268294734,8.682098857589239,8.45390400663462,3.489092660335685,5.095195003478128,1.0,8.66294636405934,8.262680813537358,8.566715263923427,1.8766629306983464,3.383411652967228,8.588233799776205,8.76355503555599,2.645496141346673,8.28873742186998,6.291852625534078
C1,6.391379278552983,8.826307083360689,2.171337859231998,1.1165051653568874,0.8170685145631291,0.9493745455355918,8.978034877796448,1.5150314710520327,0.30560129223187343,8.960897846952923,0.7054892926552092,0.16287207318785196,2.4870370652677414,1.2873974431969657,2.078492743820455,0.10249048559452933,1.0921614762034466,0.1457930627561032,2.1250527419662886,8.999790858530076,0.5102327131030948,1.902695683476474,8.999071540461138,4.6673830129148755,8.66294636405934,1.0,2.118634587176884,0.8038146922750937,8.541345709298053,8.781954104352526,1.1738216906811794,0.47315900889975826,8.839417378728768,1.6462508854726614,6.709987602339989
Purity,6.4716032213790475,8.426041532838706,3.5763967933064222,2.2133231549413033,2.8625634662008714,2.9895687293592204,8.577769327274467,2.8049830038571235,2.245214251793156,8.560632296430942,1.7395917722950966,2.2063422030223636,2.5565415142091226,1.679964011325001,2.721902822925302,2.068543306237192,1.7806936485978766,2.1419261687683946,3.4150042747713796,8.599525308008094,2.628867300279979,4.015586249233535,8.598805989939155,5.86765784689403,8.262680813537358,2.118634587176884,1.0,1.9146407340735125,8.53207435584796,8.381688553830545,2.8977695113492032,2.442015215968489,8.439151828206784,2.936202418277752,7.138405106189802
C2,6.295148178417072,8.730075983224776,1.747054004467272,1.920319857631981,1.3826419874090954,1.5149480183815578,8.881803777660535,0.9862156915269169,0.5862792924217783,8.864666746817012,0.6203836244143044,0.6593040084770974,3.2908517575428355,1.968713884284474,2.882307436095549,0.7955206502968668,1.2121152789612908,0.6580216295189907,1.5962369624411727,8.903559758394163,0.9794186565670453,2.1776945962264556,8.902840440325225,4.209572293036369,8.566715263923427,0.8038146922750937,1.9146407340735125,1.0,8.44511460916214,8.685723004216612,1.977636382956273,1.0594614746252973,8.743186278592853,1.1174351059475454,7.346566134832566
NeighbourhoodSeparability,4.023779849404502,1.2251192318185957,7.375162053227567,8.605876848760747,8.353508278336502,8.18377477235109,2.0804069761840727,8.288260484531996,8.47423435899408,2.594388070657741,8.679267974950047,8.47883684097209,8.962879790536316,8.931237316097565,8.862353448140498,8.574695993386136,8.837001860488343,8.536475903243037,7.994147628343937,1.4602115402762434,8.56049820282795,8.332303351873332,2.5497548283434615,5.630988889753512,1.8766629306983464,8.541345709298053,8.53207435584796,8.44511460916214,1.0,2.444073820975005,8.466633145014917,8.641954380794703,1.7061583093544495,8.167136767108692,6.323833447753094
IR,5.539014870791339,2.9194606332876916,7.61577044828204,8.689321673881647,8.594116673390978,8.424383167405566,0.40030101401003054,8.528868879586472,8.714842754048554,0.813571384648955,8.919876370004523,8.719445236026564,8.109623792977773,8.523312628924668,8.150094689005709,8.81530438844061,9.077610255542817,8.777084298297513,8.234756023398411,0.9838622806987612,8.801106597882425,8.572911746927804,0.6196164172417102,6.742549360213326,3.383411652967228,8.781954104352526,8.381688553830545,8.685723004216612,2.444073820975005,1.0,8.70724154006939,8.882562775849177,1.07454221398988,8.407745162163165,5.356447215126964
Silhouette,6.316666714269848,8.751594519077553,2.61626987243692,0.6844463564078996,0.9434636283351334,1.3268002032920159,8.903322313513314,2.4615624553353843,1.4794229829130527,8.88618528266979,1.5590518996077978,1.3366937638690313,1.5847889760307745,1.4753443851796841,1.2130697868559688,1.1821157326594065,1.934888394286724,1.3196147534372826,3.0597758675002718,8.92507829424694,1.0165695793598357,1.643853063194783,8.924358976178002,4.7694894121572835,8.588233799776205,1.1738216906811794,2.8977695113492032,1.977636382956273,8.466633145014917,8.70724154006939,1.0,0.9181749083309758,8.764704814445633,2.7145254479337315,5.664357015816192
Bhattacharyya,6.491987950049634,8.926915754857339,2.0790191584848428,0.8608583830066837,0.7112001123210795,0.8477313186279458,9.078643549293098,1.5433875470044083,0.6728864560911725,9.061506518449574,0.811357694897259,0.6266931594531668,2.231390282917538,1.379716143944121,1.8837513527348253,0.4348920716815059,1.1980298784454964,0.5355483222359563,2.141600959169296,9.100399530026726,0.21094504078382664,1.5735710332650463,9.099680211957786,4.55047945786197,8.76355503555599,0.47315900889975826,2.442015215968489,1.0594614746252973,8.641954380794703,8.882562775849177,0.9181749083309758,1.0,8.940026050225416,1.7963505396027557,6.57953434579219
Wasserstein,4.812831895711497,2.181545121667136,7.673233722658281,8.746784948257886,8.651579947767218,8.481846441781805,0.6869785087646108,8.586332153962712,8.772306028424794,0.8882297613032917,8.977339644380763,8.776908510402805,8.6700474535113,8.638404979072547,8.569521111115481,8.872767662816852,9.135073529919056,8.834547572673753,8.29221929777465,0.7266389568395578,8.858569872258666,8.630375021304044,0.8918188276564495,6.342561041824557,2.645496141346673,8.839417378728768,8.439151828206784,8.743186278592853,1.7061583093544495,1.07454221398988,8.764704814445633,8.940026050225416,1.0,8.465208436539406,6.031001110728077
SVM_SVR,6.017170336363623,8.452098141171328,1.7260640275743684,2.6572089226094393,1.7806094612267815,1.4939580414886542,8.603825935607087,0.26717990670283964,1.343667809376371,8.586688904763562,1.6497946529224468,1.4850376454757905,4.027740822520294,2.9336483286696273,3.6191965010730067,1.6576250446700174,1.9734968127778068,1.5175717855613937,0.5725077333896151,8.625581916340716,1.6979558685738954,2.2790148209958963,8.624862598271775,3.3519680440692095,8.28873742186998,1.6462508854726614,2.936202418277752,1.1174351059475454,8.167136767108692,8.407745162163165,2.7145254479337315,1.7963505396027557,8.465208436539406,1.0,7.565526757848119
TwoNN_ID,8.151290363265502,6.179375342500102,7.30446738488139,5.817595422288273,6.087581777590538,6.125579912682983,5.539790679786126,7.419470568568584,6.818879663516037,5.57692110658236,7.223408915423989,6.720984358165419,4.748175293480175,5.860158144722533,4.7886461895081105,6.782055008170411,7.269490642691168,6.810505314604733,7.831493915545886,5.710682402768034,6.482531071931331,6.056063547985056,5.390761614578075,7.25652588476223,6.291852625534078,6.709987602339989,7.138405106189802,7.346566134832566,6.323833447753094,5.356447215126964,5.664357015816192,6.57953434579219,6.031001110728077,7.565526757848119,1.0
