,F1,F1v,F2,F3,F4,IN,Raug,deg_overlap,N3,SI,N4,kDN,D3,CM,Borderline,N1,T1,Clust,N2,ONB,LSCAvg,DBC,NSG,ICSV,MRCA,C1,Purity,C2,NeighbourhoodSeparability,IR,Silhouette,Bhattacharyya,Wasserstein,SVM_SVR,TwoNN_ID
F1,1.0,0.15444238797222654,0.022961566005453956,1.820796761049105,0.024956047939422073,3.2706601023072857,2.513210764298588,2.0444578944904728,2.7216048167449762,2.143097576283112,0.04213924086035097,2.5334664829375004,2.9332892815383187,2.2566883303320466,3.197979603785255,1.2580932945538479,3.452618605377487,1.0314825446638332,3.4570648474134225,0.8376424512150897,2.6887520899991637,1.335812022774114,3.452914450517703,3.012400172418473,1.2222733255917813,2.6928503747302037,0.12347357066909972,3.4583219563550833,3.4633577591926263,1.841422802408023,3.458746186994308,3.407060405412863,3.463854258637753,0.058594651357060955,2.1517441234017767
F1v,0.15444238797222654,1.0,0.1315002608820854,1.6875989925508474,0.12950714713179806,3.216520347724799,2.404421324175311,1.9177484981942523,2.62335142812231,2.262305745156618,0.11233362078890834,2.425617068648871,2.84821495905819,2.137270236955544,3.1354359652335675,1.1129454223446253,3.4617502562974702,0.8830200568131382,3.4437883003718324,0.6869503148047701,2.588700069791093,1.1919860290630204,3.4618831589260846,2.9331491807160566,1.076548736827178,2.5930196386630993,0.0309934538925361,3.463800951976621,3.4567135591660096,1.9704064229421892,3.463891502160657,3.375760967588659,3.4622555980173697,0.2129566805219352,2.028569941947368
F2,0.022961566005453956,0.1315002608820854,1.0,1.8012228922504978,0.001994529556422095,3.263022591134957,2.4973529298592703,2.0258768290176232,2.7073396486684036,2.1610904716712005,0.01917844807389073,2.5177509553786765,2.9210101415045227,2.2392180043716996,3.189083505711566,1.2366719313988717,3.454410808733377,1.0095398619795002,3.4555260942023365,0.8153438800699964,2.6742153771751194,1.3145969706492926,3.4546824657968886,3.000996767509651,1.2007617111995708,2.6783470769335125,0.10052388286388488,3.459571822727756,3.4628058555319496,1.8608310828534658,3.459946497158264,3.4028358233054896,3.464052557942993,0.08155164512297049,2.1337021560220406
F3,1.820796761049105,1.6875989925508474,1.8012228922504978,1.0,1.7995188952976178,2.1824781511176994,0.8849293717353126,0.26938958604818325,1.188872038104651,3.2537030099584836,1.7848133335112573,0.9134811998633081,1.5268122886244198,0.5383869885555274,2.0207178646067145,0.6261853203922182,3.0853445118685516,0.8607018161724821,2.824997949762687,1.0541642791711898,1.139333484880353,0.5435730697991394,3.083678652590924,1.6636950202714096,0.6638771979003033,1.1454768490205023,1.714598287464342,3.047200389708785,2.9086172070075764,3.1087732645385815,3.0436323425891105,2.5693913007752385,2.9685297384586584,1.8703839232983854,0.4035962263838061
F4,0.024956047939422073,0.12950714713179806,0.001994529556422095,1.7995188952976178,1.0,3.262352400133601,2.4959702781029613,2.02425860482975,2.7060949064976345,2.1626489213525995,0.017183945905991507,2.5163806226373304,2.9199374701810576,2.237695820800409,3.188304142382295,1.2348086248938437,3.454559321907255,1.0076317427372712,3.455385265419527,0.8134052497570333,2.672947116287661,1.3127514234933335,3.454828877338375,2.9999999999999996,1.1988906396045083,2.6770817100341207,0.09853017660616392,3.459673215730367,3.4627507331820317,1.862513101041423,3.460043584741729,3.402461802419151,3.4640625985099884,0.08354560837845412,2.1321305363285474
IN,3.2706601023072857,3.216520347724799,3.263022591134957,2.1824781511176994,3.262352400133601,1.0,1.4228520437658412,1.9666681043948269,1.1266752833869127,3.2757598821960405,3.2565335458128186,1.3958442728857892,0.7733733725105045,1.7378612481377889,0.20344901919704603,2.6328037121104617,1.4036978652080663,2.782436412182429,0.9307132037819789,2.897604779540823,1.1762818145284324,2.577565715286886,1.4003509046024698,0.6223191175189808,2.6575736486998354,1.1701589789967202,3.227898196135528,1.3283440968373499,1.0733738408981939,3.3770247079512723,1.3214263871137475,0.5315094693773492,1.1803983761033061,3.289498672064215,1.8541929188734645
Raug,2.513210764298588,2.404421324175311,2.4973529298592703,0.8849293717353126,2.4959702781029613,1.4228520437658412,1.0,0.6217981363346602,0.3182441749349364,3.449452223921935,2.484023714639128,0.0295650138302555,0.6818153812451464,0.3536527662736387,1.234901036425659,1.4757602022760636,2.58062707822037,1.6893232321486866,2.219114796023224,1.8621471074515228,0.26583388707988975,1.3995043481974188,2.578183940349321,0.8323031289825362,1.5103766355865267,0.27232163827019373,2.4266367100058077,2.5252055817838897,2.3314744175470863,3.396026091899036,2.520074493690155,1.8906086194890683,2.4139292281162197,2.5531772578030743,0.48869770295852155
deg_overlap,2.0444578944904728,1.9177484981942523,2.0258768290176232,0.26938958604818325,2.02425860482975,1.9666681043948269,0.6217981363346602,1.0,0.9322439852618911,3.3363035161602177,2.010288935505189,0.6508603204790792,1.2803767567264515,0.27064041656766447,1.7957908642669775,0.8892407918096613,2.953518790603003,1.1190371831642805,2.6605342209276106,1.3075850565874374,0.881480876638396,0.807979305053751,2.9516045315128756,1.4223691727498833,0.9262630072269286,0.887772525620271,1.943482421804091,2.9098453412988268,2.753493967631566,3.2182042728427342,2.9057762405751673,2.3809278604779105,2.82069251430164,2.091467027131333,0.13481901867547352
N3,2.7216048167449762,2.62335142812231,2.7073396486684036,1.188872038104651,2.7060949064976345,1.1266752833869127,0.3182441749349364,0.9322439852618911,1.0,3.4641016151377544,2.6953336229646165,0.28879259823748504,0.36691303872252257,0.6687385760845264,0.9323429064366595,1.7574399251088002,2.357411249003313,1.9600160985368715,1.9653595463903415,2.1226247490604107,0.0525960276923265,1.6847023856143717,2.354728065051466,0.5198614521095473,1.7903909041290065,0.04608927550154481,2.643487365819882,2.2966720256769433,2.086239103706205,3.4444460496576337,2.2910617508837956,1.6159458074103692,2.175468150763491,2.757465555539258,0.8016924342951123
SI,2.143097576283112,2.262305745156618,2.1610904716712005,3.2537030099584836,2.1626489213525995,3.2757598821960405,3.449452223921935,3.3363035161602177,3.4641016151377544,1.0,2.1760461072588604,3.4520427047189384,3.444615337307695,3.3989393517473125,3.3362758736077622,2.9851976332620893,2.5382301320157383,2.856280254715266,2.852606151120821,2.737601902153824,3.463702305030123,3.026842888540013,2.5407195318765448,3.4248713947549256,2.9655522943310446,3.4637949966306816,2.238743966323677,2.593317876094822,2.7654305997741337,0.36849886159650647,2.5982755923183496,3.064101686875428,2.6958001270520167,2.096755519848363,3.3700577503648184
N4,0.04213924086035097,0.11233362078890834,0.01917844807389073,1.7848133335112573,0.017183945905991507,3.2565335458128186,2.484023714639128,2.010288935505189,2.6953336229646165,2.1760461072588604,1.0,2.504539913848286,2.910655733186032,2.2245506622106066,3.181545726499794,1.2187382800499957,3.4557914054636627,0.9911784315892819,3.454124500906869,0.7966917363921269,2.6619836615283208,1.2968330147061011,3.4560428504988066,2.9913711158203187,1.1827538875489367,2.666143131764481,0.08135197086296535,3.4604992634205676,3.462228274588473,1.876979017567544,3.4608325338422734,3.3991926891285194,3.464101535512525,0.10072352806364572,2.1185609085350667
kDN,2.5334664829375004,2.425617068648871,2.5177509553786765,0.9134811998633081,2.5163806226373304,1.3958442728857892,0.0295650138302555,0.6508603204790792,0.28879259823748504,3.4520427047189384,2.504539913848286,1.0,0.652803855953918,0.3830504251074671,1.2072334391585224,1.5024543936435626,2.5608100929051365,1.715072863933865,2.196331826165082,1.8870093432080313,0.2363463735938261,1.4264982112679891,2.55834378380635,0.8035738414183831,1.5369284444887636,0.24283820252329233,2.4476471915027602,2.504874822651021,2.3095230034366216,3.401734828544279,2.4996973889570255,1.8657662335496235,2.3926365340995366,2.5730657960831214,0.517949236089955
D3,2.9332892815383187,2.84821495905819,2.9210101415045227,1.5268122886244198,2.9199374701810576,0.7733733725105045,0.6818153812451464,1.2803767567264515,0.36691303872252257,3.444615337307695,2.910655733186032,0.652803855953918,1.0,1.0249879236501667,0.5737243814254145,2.0637421327347076,2.075304368246038,2.251524016503384,1.652159746303046,2.4006477068553043,0.4191709086401941,1.9958247668150657,2.0723726038265147,0.15417929953159973,2.0944269475922983,0.41271057602818084,2.865741995704432,2.0090719948017988,1.781592849992841,3.4641012480162354,2.002968164235372,1.2823102048064228,1.8776951325893627,2.964039807344302,1.1541347884722029
CM,2.2566883303320466,2.137270236955544,2.2392180043716996,0.5383869885555274,2.237695820800409,1.7378612481377889,0.3536527662736387,0.27064041656766447,0.6687385760845264,3.3989393517473125,2.2245506622106066,0.3830504251074671,1.0249879236501667,1.0,1.5588669072390644,1.1480941805534788,2.8030673881840076,1.3717470169389392,2.4790801865225807,1.554207522987878,0.6170548317164462,1.0686853454171046,2.8009152510263937,1.171247733929806,1.1842178250525297,0.6234570811266172,2.161575962019565,2.7541053034454324,2.5808568285717186,3.308515480341453,2.749557640174888,2.177068005511598,2.6549653752320723,2.3008207531326805,0.13602844084105317
Borderline,3.197979603785255,3.1354359652335675,3.189083505711566,2.0207178646067145,3.188304142382295,0.20344901919704603,1.234901036425659,1.7957908642669775,0.9323429064366595,3.3362758736077622,3.181545726499794,1.2072334391585224,0.5737243814254145,1.5588669072390644,1.0,2.4960388636853237,1.5872725533526189,2.656442586873802,1.1250751163593473,2.781109367875888,0.9828906627513174,2.437193927126605,1.584018371623294,0.4211058138973774,2.5224865185461427,0.9766489578605322,3.148487368107371,1.5139480666576546,1.2649569995814194,3.416524937183511,1.5072104710028882,0.73163198414465,1.369634123558371,3.2200443809062476,1.6791414371358948
N1,1.2580932945538479,1.1129454223446253,1.2366719313988717,0.6261853203922182,1.2348086248938437,2.6328037121104617,1.4757602022760636,0.8892407918096613,1.7574399251088002,2.9851976332620893,1.2187382800499957,1.5024543936435626,2.0637421327347076,1.1480941805534788,2.4960388636853237,1.0,3.319222913099077,0.2399740405820238,3.1408635818991444,0.44031141830090215,1.7119125940909714,0.08380959836632867,3.3181736183376778,2.1855291054058514,0.038362237119079504,1.7175668280990317,1.1422511921125431,3.294828367476622,3.2008051185652926,2.7813091687343423,3.292508894349518,2.9470533411195445,3.2423728851395617,1.312507048452432,1.0188684037235531
T1,3.452618605377487,3.4617502562974702,3.454410808733377,3.0853445118685516,3.454559321907255,1.4036978652080663,2.58062707822037,2.953518790603003,2.357411249003313,2.5382301320157383,3.4557914054636627,2.5608100929051365,2.075304368246038,2.8030673881840076,1.5872725533526189,3.319222913099077,1.0,3.379923692812468,0.5012067201344141,3.418307235767067,2.3956778759388957,3.294267057059556,0.003660134430250359,1.949799140028525,3.3299977196690898,2.390973301979766,3.4604699362723426,0.08199372477275828,0.35331014635384933,2.7746010887541157,0.0894783621778119,0.9011587394016219,0.24054454102247763,3.4473576519176943,2.8808311800752056
Clust,1.0314825446638332,0.8830200568131382,1.0095398619795002,0.8607018161724821,1.0076317427372712,2.782436412182429,1.6893232321486866,1.1190371831642805,1.9600160985368715,2.856280254715266,0.9911784315892819,1.715072863933865,2.251524016503384,1.3717470169389392,2.656442586873802,0.2399740405820238,3.379923692812468,1.0,3.234538962653214,0.2012260137688896,1.9164227902593631,0.323512054404233,3.379119830268025,2.366464376842536,0.20168924814537378,1.9218402943972728,0.912954325087875,3.3610110319481117,3.2848840241143384,2.6315739409061543,3.3591902673730947,3.066100223449597,3.3190592103315577,1.0872717559111298,1.2457801914424043
N2,3.4570648474134225,3.4437883003718324,3.4555260942023365,2.824997949762687,3.455385265419527,0.9307132037819789,2.219114796023224,2.6605342209276106,1.9653595463903415,2.852606151120821,3.454124500906869,2.196331826165082,1.652159746303046,2.4790801865225807,1.1250751163593473,3.1408635818991444,0.5012067201344141,3.234538962653214,1.0,3.301111144757989,2.008444588565616,3.1045933835863058,0.49758481921441267,1.5150085932493067,3.156852146087406,2.0031390198949683,3.4470019857691576,0.4199353438676867,0.1490005571832862,3.0454882437131734,0.4125026521763974,0.4077260739530831,0.261983456145615,3.4603031360958014,2.5721785706304074
ONB,0.8376424512150897,0.6869503148047701,0.8153438800699964,1.0541642791711898,0.8134052497570333,2.897604779540823,1.8621471074515228,1.3075850565874374,2.1226247490604107,2.737601902153824,0.7966917363921269,1.8870093432080313,2.4006477068553043,1.554207522987878,2.781109367875888,0.44031141830090215,3.418307235767067,0.2012260137688896,3.301111144757989,1.0,2.0808146097907243,0.5233123541728024,3.4177121528380505,2.5094213307774793,0.40223333627067354,2.0860135469642187,0.7173007513409779,3.40406134755588,3.343222820293279,2.4962712456227294,3.402665508655162,3.1545709694515134,3.3710725357407343,0.8943784377657628,1.4314398953973526
LSCAvg,2.6887520899991637,2.588700069791093,2.6742153771751194,1.139333484880353,2.672947116287661,1.1762818145284324,0.26583388707988975,0.881480876638396,0.0525960276923265,3.463702305030123,2.6619836615283208,0.2363463735938261,0.4191709086401941,0.6170548317164462,0.9828906627513174,1.7119125940909714,2.3956778759388957,1.9164227902593631,2.008444588565616,2.0808146097907243,1.0,1.638551132320221,2.3930327982498425,0.5718019159811987,1.7451580532520043,0.006507409503506651,2.6091914287855316,2.3357820604057986,2.1279866111736294,3.4384540261092384,2.3302477061393656,1.6622822985165453,2.2161481617360823,2.7253123142004276,0.7504318783462961
DBC,1.335812022774114,1.1919860290630204,1.3145969706492926,0.5435730697991394,1.3127514234933335,2.577565715286886,1.3995043481974188,0.807979305053751,1.6847023856143717,3.026842888540013,1.2968330147061011,1.4264982112679891,1.9958247668150657,1.0686853454171046,2.437193927126605,0.08380959836632867,3.294267057059556,0.323512054404233,3.1045933835863058,0.5233123541728024,1.638551132320221,1.0,3.2931332339748405,2.1198650514234094,0.12215546711931392,1.6442816438820067,1.2210391331617445,3.2679856015979496,3.167818598503006,2.830455687642473,3.265494582289015,2.9021416268905833,3.2119211393645473,1.3896838244590481,0.9384676459688792
NSG,3.452914450517703,3.4618831589260846,3.4546824657968886,3.083678652590924,3.454828877338375,1.4003509046024698,2.578183940349321,2.9516045315128756,2.354728065051466,2.5407195318765448,3.4560428504988066,2.55834378380635,2.0723726038265147,2.8009152510263937,1.584018371623294,3.3181736183376778,0.003660134430250359,3.379119830268025,0.49758481921441267,3.4177121528380505,2.3930327982498425,3.2931332339748405,1.0,1.9467727556568157,3.3289873210590466,2.388323476561448,3.4606355593577844,0.07833457000869984,0.3496689014537242,2.7767909359721403,0.0858193990226478,0.8976241191446459,0.2368931072150171,3.4477151626797697,2.878796958039848
ICSV,3.012400172418473,2.9331491807160566,3.000996767509651,1.6636950202714096,2.9999999999999996,0.6223191175189808,0.8323031289825362,1.4223691727498833,0.5198614521095473,3.4248713947549256,2.9913711158203187,0.8035738414183831,0.15417929953159973,1.171247733929806,0.4211058138973774,2.1855291054058514,1.949799140028525,2.366464376842536,1.5150085932493067,2.5094213307774793,0.5718019159811987,2.1198650514234094,1.9467727556568157,1.0,2.2151587244109843,0.5653827617151312,2.94952114169456,1.881480698644959,1.6476017437406534,3.4607394445796524,1.8751899492293964,1.1378125288529717,1.7462698105244112,3.0409001936961326,1.298361624772259
MRCA,1.2222733255917813,1.076548736827178,1.2007617111995708,0.6638771979003033,1.1988906396045083,2.6575736486998354,1.5103766355865267,0.9262630072269286,1.7903909041290065,2.9655522943310446,1.1827538875489367,1.5369284444887636,2.0944269475922983,1.1842178250525297,2.5224865185461427,0.038362237119079504,3.3299977196690898,0.20168924814537378,3.156852146087406,0.40223333627067354,1.7451580532520043,0.12215546711931392,3.3289873210590466,2.2151587244109843,1.0,1.7507762683763812,1.105964435922104,3.306471635212707,3.215278935145149,2.758270090439439,3.3042311370648254,2.9670352455234896,3.255678339018947,1.2769245204931954,1.0554713201233639
C1,2.6928503747302037,2.5930196386630993,2.6783470769335125,1.1454768490205023,2.6770817100341207,1.1701589789967202,0.27232163827019373,0.887772525620271,0.04608927550154481,3.4637949966306816,2.666143131764481,0.24283820252329233,0.41271057602818084,0.6234570811266172,0.9766489578605322,1.7175668280990317,2.390973301979766,1.9218402943972728,2.0031390198949683,2.0860135469642187,0.006507409503506651,1.6442816438820067,2.388323476561448,0.5653827617151312,1.7507762683763812,1.0,2.613467279475864,2.330972387822048,2.122848022081994,3.439238357025081,2.32542857117261,1.6565701203073147,2.2111427497464406,2.729324512459104,0.7567834359071335
Purity,0.12347357066909972,0.0309934538925361,0.10052388286388488,1.714598287464342,0.09853017660616392,3.227898196135528,2.4266367100058077,1.943482421804091,2.643487365819882,2.238743966323677,0.08135197086296535,2.4476471915027602,2.865741995704432,2.161575962019565,3.148487368107371,1.1422511921125431,3.4604699362723426,0.912954325087875,3.4470019857691576,0.7173007513409779,2.6091914287855316,1.2210391331617445,3.4606355593577844,2.94952114169456,1.105964435922104,2.613467279475864,1.0,3.4632539728898997,3.4585983289087103,1.9448363456223747,3.463411500416013,3.382580629818685,3.463128714430529,0.1820133237781942,2.0536120978553782
C2,3.4583219563550833,3.463800951976621,3.459571822727756,3.047200389708785,3.459673215730367,1.3283440968373499,2.5252055817838897,2.9098453412988268,2.2966720256769433,2.593317876094822,3.4604992634205676,2.504874822651021,2.0090719948017988,2.7541053034454324,1.5139480666576546,3.294828367476622,0.08199372477275828,3.3610110319481117,0.4199353438676867,3.40406134755588,2.3357820604057986,3.2679856015979496,0.07833457000869984,1.881480698644959,3.306471635212707,2.330972387822048,3.4632539728898997,1.0,0.27164501523016193,2.8229150374836687,0.007486926468715612,0.8217355595111029,0.1586813423615319,3.454443834073061,2.8344897962168107
NeighbourhoodSeparability,3.4633577591926263,3.4567135591660096,3.4628058555319496,2.9086172070075764,3.4627507331820317,1.0733738408981939,2.3314744175470863,2.753493967631566,2.086239103706205,2.7654305997741337,3.462228274588473,2.3095230034366216,1.781592849992841,2.5808568285717186,1.2649569995814194,3.2008051185652926,0.35331014635384933,3.2848840241143384,0.1490005571832862,3.343222820293279,2.1279866111736294,3.167818598503006,0.3496689014537242,1.6476017437406534,3.215278935145149,2.122848022081994,3.4585983289087103,0.27164501523016193,1.0,2.97166607201817,0.2641805093035116,0.5553136100558103,0.11316716299840562,3.4640764950694836,2.6696015525510544
IR,1.841422802408023,1.9704064229421892,1.8608310828534658,3.1087732645385815,1.862513101041423,3.3770247079512723,3.396026091899036,3.2182042728427342,3.4444460496576337,0.36849886159650647,1.876979017567544,3.401734828544279,3.4641012480162354,3.308515480341453,3.416524937183511,2.7813091687343423,2.7746010887541157,2.6315739409061543,3.0454882437131734,2.4962712456227294,3.4384540261092384,2.830455687642473,2.7767909359721403,3.4607394445796524,2.758270090439439,3.439238357025081,1.9448363456223747,2.8229150374836687,2.97166607201817,1.0,2.827247822099843,3.2186143422632685,2.911922557700589,1.7915289557939094,3.2656545946975784
Silhouette,3.458746186994308,3.463891502160657,3.459946497158264,3.0436323425891105,3.460043584741729,1.3214263871137475,2.520074493690155,2.9057762405751673,2.2910617508837956,2.5982755923183496,3.4608325338422734,2.4996973889570255,2.002968164235372,2.749557640174888,1.5072104710028882,3.292508894349518,0.0894783621778119,3.3591902673730947,0.4125026521763974,3.402665508655162,2.3302477061393656,3.265494582289015,0.0858193990226478,1.8751899492293964,3.3042311370648254,2.32542857117261,3.463411500416013,0.007486926468715612,0.2641805093035116,2.827247822099843,1.0,0.8144604111456134,0.15120190436475062,3.454994440634884,2.8301791875454927
Bhattacharyya,3.407060405412863,3.375760967588659,3.4028358233054896,2.5693913007752385,3.402461802419151,0.5315094693773492,1.8906086194890683,2.3809278604779105,1.6159458074103692,3.064101686875428,3.3991926891285194,1.8657662335496235,1.2823102048064228,2.177068005511598,0.73163198414465,2.9470533411195445,0.9011587394016219,3.066100223449597,0.4077260739530831,3.1545709694515134,1.6622822985165453,2.9021416268905833,0.8976241191446459,1.1378125288529717,2.9670352455234896,1.6565701203073147,3.382580629818685,0.8217355595111029,0.5553136100558103,3.2186143422632685,0.8144604111456134,1.0,0.6667208339037972,3.417162504692147,2.2811968904663686
Wasserstein,3.463854258637753,3.4622555980173697,3.464052557942993,2.9685297384586584,3.4640625985099884,1.1803983761033061,2.4139292281162197,2.82069251430164,2.175468150763491,2.6958001270520167,3.464101535512525,2.3926365340995366,1.8776951325893627,2.6549653752320723,1.369634123558371,3.2423728851395617,0.24054454102247763,3.3190592103315577,0.261983456145615,3.3710725357407343,2.2161481617360823,3.2119211393645473,0.2368931072150171,1.7462698105244112,3.255678339018947,2.2111427497464406,3.463128714430529,0.1586813423615319,0.11316716299840562,2.911922557700589,0.15120190436475062,0.6667208339037972,1.0,3.462658484357121,2.740293710467335
SVM_SVR,0.058594651357060955,0.2129566805219352,0.08155164512297049,1.8703839232983854,0.08354560837845412,3.289498672064215,2.5531772578030743,2.091467027131333,2.757465555539258,2.096755519848363,0.10072352806364572,2.5730657960831214,2.964039807344302,2.3008207531326805,3.2200443809062476,1.312507048452432,3.4473576519176943,1.0872717559111298,3.4603031360958014,0.8943784377657628,2.7253123142004276,1.3896838244590481,3.4477151626797697,3.0409001936961326,1.2769245204931954,2.729324512459104,0.1820133237781942,3.454443834073061,3.4640764950694836,1.7915289557939094,3.454994440634884,3.417162504692147,3.462658484357121,1.0,2.197356190914585
TwoNN_ID,2.1517441234017767,2.028569941947368,2.1337021560220406,0.4035962263838061,2.1321305363285474,1.8541929188734645,0.48869770295852155,0.13481901867547352,0.8016924342951123,3.3700577503648184,2.1185609085350667,0.517949236089955,1.1541347884722029,0.13602844084105317,1.6791414371358948,1.0188684037235531,2.8808311800752056,1.2457801914424043,2.5721785706304074,1.4314398953973526,0.7504318783462961,0.9384676459688792,2.878796958039848,1.298361624772259,1.0554713201233639,0.7567834359071335,2.0536120978553782,2.8344897962168107,2.6696015525510544,3.2656545946975784,2.8301791875454927,2.2811968904663686,2.740293710467335,2.197356190914585,1.0
