,F1,F1v,F2,F3,F4,IN,Raug,deg_overlap,N3,SI,N4,kDN,D3,CM,Borderline,N1,T1,Clust,N2,ONB,LSCAvg,DBC,NSG,ICSV,MRCA,C1,Purity,C2,NeighbourhoodSeparability,IR,Silhouette,Bhattacharyya,Wasserstein,SVM_SVR,TwoNN_ID
F1,1.0,0.2221214178622809,0.0326174340307166,2.9729944831095905,0.03543906197092683,5.016837938050679,3.9512308104337297,3.324071612571795,4.150386289429301,3.4561573157875,0.059670932275223354,3.973385682065875,4.2665802785803155,3.6311034153501343,4.791666912007607,2.026104798956736,5.625438581436979,1.6378484100576485,5.628128992585578,1.3092597692083285,4.123656945177991,2.1593753986509476,5.626316554969113,4.277786156314069,1.964638031736091,4.127098086869436,0.1767200482575889,5.642106809398464,5.652149554981552,3.003080119910098,5.643314947847744,5.457036957071521,5.656433229661174,0.08432307460208643,3.4831193282702997
F1v,0.2221214178622809,1.0,0.18979570129068468,2.7508730652473092,0.18697594866749656,5.009225086517674,3.7291093925714485,3.1019501947095143,3.9282648715670208,3.6706658821167752,0.16260487826652714,3.751264264203594,4.044458860718034,3.408981997487853,4.7840540604746025,1.8039833810944552,5.617825729903975,1.4157269921953675,5.620516141052573,1.0871383513460477,3.90153552731571,1.9372539807886668,5.618703703436108,4.234734242810136,1.7425166138738102,3.904976669007155,0.04540136960469199,5.634493957865457,5.644536703448546,3.2175886862393743,5.635702096314738,5.449424105538516,5.6488203781281685,0.3034477435905488,3.260997910408019
F2,0.0326174340307166,0.18979570129068468,1.0,2.9406687665379945,0.0028216279402102362,5.017129655509799,3.9189050938621337,3.291745896000199,4.118060572857706,3.488774749818216,0.02719082302415754,3.9410599654942784,4.234254562008719,3.598777698778538,4.791958629466729,1.9937790823851398,5.6257302988961,1.6055226934860523,5.628420710044699,1.2769340526367325,4.0913312286063945,2.1270496820793516,5.626608272428234,4.245460439742473,1.9323123151644948,4.094772370297839,0.1443943316859927,5.642398526857583,5.652441272440672,3.035697553940815,5.643606665306864,5.4573286745306415,5.656724947120294,0.11694050863280303,3.4507936116987032
F3,2.9729944831095905,2.7508730652473092,2.9406687665379945,1.0,2.937849013914806,3.4905972361058075,1.4102534696010207,0.4051036644715832,1.9255372725012667,4.902911096952218,2.9134779435138367,1.4584799475687933,2.4926770684531125,0.8339213533991742,3.2654262100627363,0.9468896841528545,4.586552639049676,1.335146073051942,4.101888290640707,1.663734713901262,1.8414842641740439,0.8136190844586428,4.58187156332075,2.7161063923982707,1.0083564513734995,1.8519118244413333,2.796274434852002,4.479832116284699,4.12590885303668,4.4498339010748165,4.469899894083442,3.93079625512665,4.262929260066957,3.054320808837858,0.6164615228349333
F4,0.03543906197092683,0.18697594866749656,0.0028216279402102362,2.937849013914806,1.0,5.017131530826822,3.9160853412389454,3.2889261433770107,4.115240820234517,3.4915963777584262,0.02437107040096942,3.9382402128710905,4.231434809385531,3.59595794615535,4.79196050478375,1.9909593297619517,5.625732174213122,1.6027029408628641,5.6284225853617205,1.2741143000135442,4.088511475983207,2.1242299294561633,5.6266101477452555,4.242640687119286,1.9294925625413066,4.091952617674652,0.14157457906280457,5.642400402174606,5.652443147757694,3.038519181881025,5.643608540623886,5.457330549847664,5.656726822437316,0.11976213657301327,3.4479738590755153
IN,5.016837938050679,5.009225086517674,5.017129655509799,3.4905972361058075,5.017131530826822,1.0,2.080343766504787,3.085493571634224,1.6202261505481796,5.346888328779208,5.016992330730147,2.0321172885370142,1.1692803437473467,2.656675882706633,0.3241428659958837,4.298356384611215,2.2181810223199414,4.538504277732169,1.5107167161905095,4.705237053247793,1.67754981462408,4.204752436308738,2.2134999465910155,0.9570568975359423,4.339563538752882,1.670563396048246,5.012555043484155,2.111460499554964,1.7324162711210738,5.463312721449906,2.101528277353707,0.8679214370610395,1.8945576433372233,5.01384118917686,2.8741357132708742
Raug,3.9512308104337297,3.7291093925714485,3.9189050938621337,1.4102534696010207,3.9160853412389454,2.080343766504787,1.0,1.0051498051294374,0.515283802900246,5.202899036727274,3.891714270837976,0.048226477967772734,1.0824235988520918,0.5763321162018464,1.8551727404617155,2.218012618106428,4.1545354967727945,2.4581605112273825,3.4470711906433626,2.641971041225401,0.4312307945730234,2.1244086698039504,4.149854421043869,1.3058529227972497,2.2592197722480956,0.4416583548403129,3.7745107621761407,4.047814974007817,3.668770745573927,5.319323429397973,4.037882751806561,2.8042759115138924,3.8309121177900765,4.032557136161998,0.7937919467660874
deg_overlap,3.324071612571795,3.1019501947095143,3.291745896000199,0.4051036644715832,3.2889261433770107,3.085493571634224,1.0051498051294374,1.0,1.5204336080296834,4.848884561942842,3.2645550729760413,1.0533762830972102,2.087573403981529,0.428817688927591,2.8603225455911527,1.297966813615059,4.532526104040299,1.6862232025141468,3.8250617979108665,2.0148118433634665,1.4363805997024608,1.1646962139208474,4.527845028311372,2.311002727926687,1.359433580835704,1.4468081599697502,3.1473515643142065,4.425805581275321,4.046761352841431,4.692164231536038,4.415873359074065,3.525692590655067,4.20890272505758,3.405397938300063,0.21135785836335003
N3,4.150386289429301,3.9282648715670208,4.118060572857706,1.9255372725012667,4.115240820234517,1.6202261505481796,0.515283802900246,1.5204336080296834,1.0,5.402054515722847,4.090869749833548,0.4670573249324732,0.567139795951846,1.0916159191020922,1.3398889375614695,2.733296421006674,3.8384071728681213,2.9734443141276286,3.1309428667386894,3.1401770896432524,0.08405300832722257,2.639692472704196,3.833726097139195,0.790569119897004,2.7745035751483416,0.07362544805993304,3.973666241171713,3.731686650103144,3.352642421669253,5.518478908393545,3.721754427901887,2.488147587609219,3.5147837938854027,4.231712615157569,1.3090757496663334
SI,3.4561573157875,3.6706658821167752,3.488774749818216,4.902911096952218,3.4915963777584262,5.346888328779208,5.202899036727274,4.848884561942842,5.402054515722847,1.0,3.515828248062723,5.2250539083594205,5.51824850487386,4.882771641643679,5.44586016873202,4.763780561304769,3.7373079498455644,4.615672065526646,4.447462667123596,4.45381620019294,5.375325171471536,4.803447212696506,3.7428669991066297,5.529454382607614,4.743520948225793,5.378766313162981,3.628594469478565,3.860696700572028,4.249783674589008,0.5695015885481048,3.8718370612225654,4.919165910739011,4.09192597705248,3.371834241185413,4.796574419277996
N4,0.059670932275223354,0.16260487826652714,0.02719082302415754,2.9134779435138367,0.02437107040096942,5.016992330730147,3.891714270837976,3.2645550729760413,4.090869749833548,3.515828248062723,1.0,3.913869142470121,4.207063738984561,3.5715868757543805,4.791821304687076,1.9665882593609822,5.625592974116449,1.5783318704618947,5.628283385265047,1.2497432296125748,4.064140405582237,2.0998588590551934,5.626470947648582,4.242501487022611,1.9051214921403372,4.067581547273682,0.11720350866183515,5.642261202077933,5.652303947661021,3.0627510521853214,5.643469340527213,5.457191349750991,5.656587622340643,0.1439940068773098,3.423602788674546
kDN,3.973385682065875,3.751264264203594,3.9410599654942784,1.4584799475687933,3.9382402128710905,2.0321172885370142,0.048226477967772734,1.0533762830972102,0.4670573249324732,5.2250539083594205,3.913869142470121,1.0,1.0341971208843193,0.6245585941696191,1.8069462624939427,2.2662390960742007,4.128463890437168,2.506386989195155,3.420999584307736,2.673119764710779,0.38300431660525064,2.172635147771723,4.1237828147082425,1.257626444829477,2.307446250215868,0.39343187687254016,3.796665633808286,4.021743367672191,3.642699139238301,5.341478301030119,4.011811145470934,2.7782043051782663,3.80484051145445,4.0547120077941425,0.8420184247338601
D3,4.2665802785803155,4.044458860718034,4.234254562008719,2.4926770684531125,4.231434809385531,1.1692803437473467,1.0824235988520918,2.087573403981529,0.567139795951846,5.51824850487386,4.207063738984561,1.0341971208843193,1.0,1.6587557150539385,0.8451374777514629,3.30043621695852,3.387461366067288,3.540584110079475,2.679997059937856,3.707316885595098,0.6511928042790686,3.206832268656042,3.382780290338362,0.2234293239451579,3.3416433711001874,0.640765244011779,4.089860230322726,3.2807408433023113,2.901696614868421,5.634672897544558,3.2708086211010543,2.0372017808083864,3.06383798708457,4.347906604308584,1.8762155456181793
CM,3.6311034153501343,3.408981997487853,3.598777698778538,0.8339213533991742,3.59595794615535,2.656675882706633,0.5763321162018464,0.428817688927591,1.0916159191020922,4.882771641643679,3.5715868757543805,0.6245585941696191,1.6587557150539385,1.0,2.4315048566635618,1.6416805019045815,4.410740217891045,1.9932550052924856,3.703275911761613,2.3218436461418053,1.0075629107748698,1.5480765536021037,4.406059142162119,1.8821850389990962,1.682887656046249,1.0179904710421592,3.454383367092545,4.304019695126068,3.9249754666921777,4.999196034314377,4.294087472924811,3.0968749017274755,4.087116838908327,3.712429741078402,0.21745983056424098
Borderline,4.791666912007607,4.7840540604746025,4.791958629466729,3.2654262100627363,4.79196050478375,0.3241428659958837,1.8551727404617155,2.8603225455911527,1.3398889375614695,5.44586016873202,4.791821304687076,1.8069462624939427,0.8451374777514629,2.4315048566635618,1.0,4.073185358568143,2.5423238883158255,4.313333251689098,1.8348595821863936,4.480066027204722,1.423941945888692,3.9795814102656655,2.537642812586899,0.6329140315400585,4.114392512709811,1.4135143856214025,4.787384017441084,2.435603365550848,2.0565591371169574,5.562284561402718,2.425671143349591,1.1920643030569233,2.2187005093331074,4.788670163133789,2.648964687227803
N1,2.026104798956736,1.8039833810944552,1.9937790823851398,0.9468896841528545,1.9909593297619517,4.298356384611215,2.218012618106428,1.297966813615059,2.733296421006674,4.763780561304769,1.9665882593609822,2.2662390960742007,3.30043621695852,1.6416805019045815,4.073185358568143,1.0,4.906957027997516,0.38825638889908753,4.909647439146114,0.7168450297484075,2.6492434126794513,0.13327059969421157,4.90783500152965,3.5238655409036777,0.06146676722064509,2.659670972946741,1.849384750699147,4.923625255958998,4.933668001542087,4.3107033654273685,4.92483339440828,4.738555403632057,4.93795167622171,2.1074311246850037,1.4570145293135637
T1,5.625438581436979,5.617825729903975,5.6257302988961,4.586552639049676,5.625732174213122,2.2181810223199414,4.1545354967727945,4.532526104040299,3.8384071728681213,3.7373079498455644,5.625592974116449,4.128463890437168,3.387461366067288,4.410740217891045,2.5423238883158255,4.906957027997516,1.0,5.147104921118471,0.7101547172780314,5.313837696634094,3.8957308369440216,4.813353079695038,0.0055590492610650966,3.1752379198558836,4.948164182139183,3.8887444183681876,5.6211556868704555,0.12338875072646349,0.5124757247434429,3.9904510804911237,0.13452911137700108,1.350259585258902,0.3546180272069146,5.622441832563161,4.480215961375452
Clust,1.6378484100576485,1.4157269921953675,1.6055226934860523,1.335146073051942,1.6027029408628641,4.538504277732169,2.4581605112273825,1.6862232025141468,2.9734443141276286,4.615672065526646,1.5783318704618947,2.506386989195155,3.540584110079475,1.9932550052924856,4.313333251689098,0.38825638889908753,5.147104921118471,1.0,5.149795332267069,0.3285886408493199,2.889391305800406,0.5215269885932992,5.147982894650604,3.7640134340246325,0.32678962167844244,2.8998188660676956,1.4611283618000597,5.1637731490799545,5.173815894663043,4.1625948696492445,5.164981287529233,4.978703296753012,5.178099569342665,1.7191747357859164,1.8452709182126512
N2,5.628128992585578,5.620516141052573,5.628420710044699,4.101888290640707,5.6284225853617205,1.5107167161905095,3.4470711906433626,3.8250617979108665,3.1309428667386894,4.447462667123596,5.628283385265047,3.420999584307736,2.679997059937856,3.703275911761613,1.8348595821863936,4.909647439146114,0.7101547172780314,5.149795332267069,1.0,5.316528107782692,3.1882665308145897,4.8160434908436365,0.7045956680169663,2.467773613726452,4.950854593287781,3.1812801122387557,5.6238460980190546,0.6007437833644547,0.22169955493056415,4.563887059794294,0.5908115611631977,0.6427952791294702,0.3838409271467136,5.625132243711759,3.772751655246021
ONB,1.3092597692083285,1.0871383513460477,1.2769340526367325,1.663734713901262,1.2741143000135442,4.705237053247793,2.641971041225401,2.0148118433634665,3.1401770896432524,4.45381620019294,1.2497432296125748,2.673119764710779,3.707316885595098,2.3218436461418053,4.480066027204722,0.7168450297484075,5.313837696634094,0.3285886408493199,5.316528107782692,1.0,3.05612408131603,0.850115629442619,5.314715670166227,3.9307462095402563,0.6553782625277623,3.0665516415833194,1.1325397209507397,5.3305059245955775,5.3405486701786655,4.000739004315539,5.331714063044857,5.145436072268636,5.344832344858288,1.3905860949365967,2.173859559061971
LSCAvg,4.123656945177991,3.90153552731571,4.0913312286063945,1.8414842641740439,4.088511475983207,1.67754981462408,0.4312307945730234,1.4363805997024608,0.08405300832722257,5.375325171471536,4.064140405582237,0.38300431660525064,0.6511928042790686,1.0075629107748698,1.423941945888692,2.6492434126794513,3.8957308369440216,2.889391305800406,3.1882665308145897,3.05612408131603,1.0,2.5556394643769735,3.891049761215095,0.8746221282242265,2.6904505668211187,0.010427560267289526,3.9469368969204024,3.7890103141790443,3.4099660857451535,5.491749564142234,3.7790780919777873,2.5454712516851195,3.5721074579613035,4.204983270906259,1.2250227413391108
DBC,2.1593753986509476,1.9372539807886668,2.1270496820793516,0.8136190844586428,2.1242299294561633,4.204752436308738,2.1244086698039504,1.1646962139208474,2.639692472704196,4.803447212696506,2.0998588590551934,2.172635147771723,3.206832268656042,1.5480765536021037,3.9795814102656655,0.13327059969421157,4.813353079695038,0.5215269885932992,4.8160434908436365,0.850115629442619,2.5556394643769735,1.0,4.8142310532271715,3.4302615926012,0.19473736691485666,2.566067024644263,1.9826553503933586,4.830021307656522,4.84006405323961,4.350370016819105,4.831229446105801,4.64495145532958,4.844347727919232,2.2407017243792158,1.330616723037863
NSG,5.626316554969113,5.618703703436108,5.626608272428234,4.58187156332075,5.6266101477452555,2.2134999465910155,4.149854421043869,4.527845028311372,3.833726097139195,3.7428669991066297,5.626470947648582,4.1237828147082425,3.382780290338362,4.406059142162119,2.537642812586899,4.90783500152965,0.0055590492610650966,5.147982894650604,0.7045956680169663,5.314715670166227,3.891049761215095,4.8142310532271715,1.0,3.1705568441269576,4.949042155671316,3.8840633426392612,5.62203366040259,0.1178297014653984,0.5069166754823778,3.9913290540232564,0.12897006211593598,1.345578509529976,0.3490589779458495,5.623319806095294,4.4755348856465265
ICSV,4.277786156314069,4.234734242810136,4.245460439742473,2.7161063923982707,4.242640687119286,0.9570568975359423,1.3058529227972497,2.311002727926687,0.790569119897004,5.529454382607614,4.242501487022611,1.257626444829477,0.2234293239451579,1.8821850389990962,0.6329140315400585,3.5238655409036777,3.1752379198558836,3.7640134340246325,2.467773613726452,3.9307462095402563,0.8746221282242265,3.4302615926012,3.1705568441269576,1.0,3.5650726950453455,0.8641945679569369,4.238064199776619,3.0685173970909068,2.6894731686570164,5.645878775278312,3.0585851748896498,1.8249783345969817,2.8516145408731655,4.359112482042336,2.0996448695633374
MRCA,1.964638031736091,1.7425166138738102,1.9323123151644948,1.0083564513734995,1.9294925625413066,4.339563538752882,2.2592197722480956,1.359433580835704,2.7745035751483416,4.743520948225793,1.9051214921403372,2.307446250215868,3.3416433711001874,1.682887656046249,4.114392512709811,0.06146676722064509,4.948164182139183,0.32678962167844244,4.950854593287781,0.6553782625277623,2.6904505668211187,0.19473736691485666,4.949042155671316,3.5650726950453455,1.0,2.7008781270884086,1.787917983478502,4.964832410100667,4.974875155683755,4.290443752348392,4.966040548549946,4.779762557773725,4.979158830363377,2.045964357464359,1.5184812965342087
C1,4.127098086869436,3.904976669007155,4.094772370297839,1.8519118244413333,4.091952617674652,1.670563396048246,0.4416583548403129,1.4468081599697502,0.07362544805993304,5.378766313162981,4.067581547273682,0.39343187687254016,0.640765244011779,1.0179904710421592,1.4135143856214025,2.659670972946741,3.8887444183681876,2.8998188660676956,3.1812801122387557,3.0665516415833194,0.010427560267289526,2.566067024644263,3.8840633426392612,0.8641945679569369,2.7008781270884086,1.0,3.950378038611847,3.7820238956032104,3.4029796671693195,5.495190705833679,3.7720916734019534,2.5384848331092855,3.565121039385469,4.2084244125977035,1.2354503016064002
Purity,0.1767200482575889,0.04540136960469199,0.1443943316859927,2.796274434852002,0.14157457906280457,5.012555043484155,3.7745107621761407,3.1473515643142065,3.973666241171713,3.628594469478565,0.11720350866183515,3.796665633808286,4.089860230322726,3.454383367092545,4.787384017441084,1.849384750699147,5.6211556868704555,1.4611283618000597,5.6238460980190546,1.1325397209507397,3.9469368969204024,1.9826553503933586,5.62203366040259,4.238064199776619,1.787917983478502,3.950378038611847,1.0,5.637823914831941,5.647866660415028,3.175517273601163,5.63903205328122,5.452754062504999,5.652150335094651,0.25804637398585684,3.3063992800127107
C2,5.642106809398464,5.634493957865457,5.642398526857583,4.479832116284699,5.642400402174606,2.111460499554964,4.047814974007817,4.425805581275321,3.731686650103144,3.860696700572028,5.642261202077933,4.021743367672191,3.2807408433023113,4.304019695126068,2.435603365550848,4.923625255958998,0.12338875072646349,5.1637731490799545,0.6007437833644547,5.3305059245955775,3.7890103141790443,4.830021307656522,0.1178297014653984,3.0685173970909068,4.964832410100667,3.7820238956032104,5.637823914831941,1.0,0.38908697401697945,4.007119308452607,0.011140360650537584,1.2435390624939249,0.2312292764804511,5.639110060524644,4.373495438610475
NeighbourhoodSeparability,5.652149554981552,5.644536703448546,5.652441272440672,4.12590885303668,5.652443147757694,1.7324162711210738,3.668770745573927,4.046761352841431,3.352642421669253,4.249783674589008,5.652303947661021,3.642699139238301,2.901696614868421,3.9249754666921777,2.0565591371169574,4.933668001542087,0.5124757247434429,5.173815894663043,0.22169955493056415,5.3405486701786655,3.4099660857451535,4.84006405323961,0.5069166754823778,2.6894731686570164,4.974875155683755,3.4029796671693195,5.647866660415028,0.38908697401697945,1.0,4.366208067259706,0.37794661336644186,0.8644948340600344,0.16214137221614944,5.649152806107732,3.994451210176585
IR,3.003080119910098,3.2175886862393743,3.035697553940815,4.4498339010748165,3.038519181881025,5.463312721449906,5.319323429397973,4.692164231536038,5.518478908393545,0.5695015885481048,3.0627510521853214,5.341478301030119,5.634672897544558,4.999196034314377,5.562284561402718,4.3107033654273685,3.9904510804911237,4.1625948696492445,4.563887059794294,4.000739004315539,5.491749564142234,4.350370016819105,3.9913290540232564,5.645878775278312,4.290443752348392,5.495190705833679,3.175517273601163,4.007119308452607,4.366208067259706,1.0,4.008327446901887,5.035590303409709,4.208350369723178,2.918757045308012,4.8512119472345425
Silhouette,5.643314947847744,5.635702096314738,5.643606665306864,4.469899894083442,5.643608540623886,2.101528277353707,4.037882751806561,4.415873359074065,3.721754427901887,3.8718370612225654,5.643469340527213,4.011811145470934,3.2708086211010543,4.294087472924811,2.425671143349591,4.92483339440828,0.13452911137700108,5.164981287529233,0.5908115611631977,5.331714063044857,3.7790780919777873,4.831229446105801,0.12897006211593598,3.0585851748896498,4.966040548549946,3.7720916734019534,5.63903205328122,0.011140360650537584,0.37794661336644186,4.008327446901887,1.0,1.2336068402926679,0.22008891582991352,5.640318198973924,4.363563216409219
Bhattacharyya,5.457036957071521,5.449424105538516,5.4573286745306415,3.93079625512665,5.457330549847664,0.8679214370610395,2.8042759115138924,3.525692590655067,2.488147587609219,4.919165910739011,5.457191349750991,2.7782043051782663,2.0372017808083864,3.0968749017274755,1.1920643030569233,4.738555403632057,1.350259585258902,4.978703296753012,0.6427952791294702,5.145436072268636,2.5454712516851195,4.64495145532958,1.345578509529976,1.8249783345969817,4.779762557773725,2.5384848331092855,5.452754062504999,1.2435390624939249,0.8644948340600344,5.035590303409709,1.2336068402926679,1.0,1.0266362062761838,5.454040208197703,3.3143347322917167
Wasserstein,5.656433229661174,5.6488203781281685,5.656724947120294,4.262929260066957,5.656726822437316,1.8945576433372233,3.8309121177900765,4.20890272505758,3.5147837938854027,4.09192597705248,5.656587622340643,3.80484051145445,3.06383798708457,4.087116838908327,2.2187005093331074,4.93795167622171,0.3546180272069146,5.178099569342665,0.3838409271467136,5.344832344858288,3.5721074579613035,4.844347727919232,0.3490589779458495,2.8516145408731655,4.979158830363377,3.565121039385469,5.652150335094651,0.2312292764804511,0.16214137221614944,4.208350369723178,0.22008891582991352,1.0266362062761838,1.0,5.653436480787356,4.156592582392735
SVM_SVR,0.08432307460208643,0.3034477435905488,0.11694050863280303,3.054320808837858,0.11976213657301327,5.01384118917686,4.032557136161998,3.405397938300063,4.231712615157569,3.371834241185413,0.1439940068773098,4.0547120077941425,4.347906604308584,3.712429741078402,4.788670163133789,2.1074311246850037,5.622441832563161,1.7191747357859164,5.625132243711759,1.3905860949365967,4.204983270906259,2.2407017243792158,5.623319806095294,4.359112482042336,2.045964357464359,4.2084244125977035,0.25804637398585684,5.639110060524644,5.649152806107732,2.918757045308012,5.640318198973924,5.454040208197703,5.653436480787356,1.0,3.5644456539985674
TwoNN_ID,3.4831193282702997,3.260997910408019,3.4507936116987032,0.6164615228349333,3.4479738590755153,2.8741357132708742,0.7937919467660874,0.21135785836335003,1.3090757496663334,4.796574419277996,3.423602788674546,0.8420184247338601,1.8762155456181793,0.21745983056424098,2.648964687227803,1.4570145293135637,4.480215961375452,1.8452709182126512,3.772751655246021,2.173859559061971,1.2250227413391108,1.330616723037863,4.4755348856465265,2.0996448695633374,1.5184812965342087,1.2354503016064002,3.3063992800127107,4.373495438610475,3.994451210176585,4.8512119472345425,4.363563216409219,3.3143347322917167,4.156592582392735,3.5644456539985674,1.0
