,F1,F1v,F2,F3,F4,IN,Raug,deg_overlap,N3,SI,N4,kDN,D3,CM,Borderline,N1,T1,Clust,N2,ONB,LSCAvg,DBC,NSG,ICSV,MRCA,C1,Purity,C2,NeighbourhoodSeparability,IR,Silhouette,Bhattacharyya,Wasserstein,SVM_SVR,TwoNN_ID
F1,1,0.64965367523254303,0.33576624116639103,-0.30656189816443913,-0.10837848408905251,-0.012462802223411895,0.13052133155676612,0.1123875037211309,-0.077738093446089479,0.077738093446087675,-0.16990435069228843,-0.10239714965012808,-0.48037676229142839,-0.33465321819030952,-0.39014913774090632,-0.1528061395408076,-0.29228242346390687,-0.11987904089257093,0.22419835238498226,0.23804839598668978,-0.1453925667222043,-0.11872957450315338,0.07180222102574213,0.6365214888136016,0.76537968090984942,-0.14455434107048598,-0.25567045985373504,-0.021746415108220479,0.45366690826386347,0.026429971539694341,-0.2865339551741144,-0.18697332193855759,0.19245279468917875,0.15935650332529488,-0.57134959128953133
F1v,0.64965367523254303,1,-0.49435205233199997,-0.92236752727308602,-0.82515898171663205,-0.76772878775887377,0.83348926246953214,-0.63183983382418285,-0.79260608403608968,0.79260608403608834,-0.81823006459362757,-0.80960129889411869,-0.95208702819677604,-0.91639295844080881,-0.92984727075555296,-0.83407581614969728,-0.8627655272681739,-0.81602320318145338,-0.49602481094719086,0.88871381814645645,-0.83915526593411038,-0.74651570539642309,0.79169681017979832,0.034686575977381812,0.98333924519654681,-0.83246701649125365,-0.77882629944326232,-0.72943112261096399,0.95668506883634108,0.77355253327969464,-0.90743507059701045,-0.85776601784987982,0.86938804901327305,-0.5859739062633762,-0.29778323853425559
F2,0.33576624116639103,-0.49435205233199997,1,0.78628576905494474,0.89885498499094085,0.93582189109920799,-0.88986139608113468,0.93383049662223894,0.89756939033278138,-0.89756939033278205,0.83113542150802222,0.88844256756836237,0.60614191936436768,0.73580810211913927,0.68314237912466469,0.86301401708287095,0.75297817356976071,0.87851769860751372,0.90330109834774475,-0.83358995079413167,0.88093106174471147,0.8233178305566522,-0.90850452812812266,0.71136053628111529,-0.34487983143506479,0.86901762388534165,0.6623290885306341,0.88916025919046893,-0.6501222556938776,-0.9327362559649246,0.80052865251434946,0.8577498957397951,-0.84935903693317405,0.93093901422193925,-0.34251385070565155
F3,-0.30656189816443913,-0.92236752727308602,0.78628576905494474,1,0.97629509667823922,0.95349807008641174,-0.97439206948120494,0.84486175627089366,0.95388575266425213,-0.95388575266425135,0.93955042200605343,0.96300193942178769,0.95185282756135914,0.98389164098602011,0.96879032662420839,0.96797370127258742,0.93179774710543661,0.96196059478004914,0.73058068229907969,-0.98820217377453989,0.97469020809292872,0.85947081338729248,-0.9529011419465051,0.26066921234239337,-0.84364470278359915,0.97023078361873816,0.85798729444728528,0.9041666602808921,-0.96839311093287139,-0.95221297420825501,0.98621899320032891,0.97723876880483951,-0.99249571249182122,0.81218111190765452,0.08848215113305008
F4,-0.10837848408905251,-0.82515898171663205,0.89885498499094085,0.97629509667823922,1,0.99525788861925768,-0.99755543374213174,0.92172655909448398,0.98128466239783507,-0.98128466239783485,0.94962169250630413,0.98418161915284674,0.8767710573451547,0.94096653743915759,0.91561607154756242,0.97966827132700851,0.92045331667767016,0.98064098730926408,0.83195055095806314,-0.98933382074221365,0.99421289053004869,0.90870991796549061,-0.98774227345444532,0.44497735507533398,-0.71878640512114533,0.98299769132564063,0.82104469880974695,0.94268012429542636,-0.90699929535171941,-0.99555611324134075,0.97765203572531167,0.98819405787014314,-0.99066282654482285,0.89646027290369101,-0.063475625800391317
IN,-0.012462802223411895,-0.76772878775887377,0.93582189109920799,0.95349807008641174,0.99525788861925768,1,-0.98997571989636324,0.93636488304885335,0.98031968968589867,-0.98031968968589867,0.93937465836670131,0.98106984749503767,0.83838500228423851,0.91788747108382596,0.88575949297811585,0.97153627586796432,0.89734938248198326,0.97564487625148599,0.85603191839088866,-0.97106795192120832,0.98542402857442046,0.89582695599046724,-0.98605183977386668,0.50091767554916744,-0.64966441484825932,0.9757781906995262,0.80701198394328222,0.94701948872532027,-0.86998403654067369,-0.99812899425173141,0.95433155279569148,0.97542576738600806,-0.97943460750079947,0.91582736431672573,-0.11456420214170582
Raug,0.13052133155676612,0.83348926246953214,-0.88986139608113468,-0.97439206948120494,-0.99755543374213174,-0.98997571989636324,1,-0.93422140367071371,-0.9847922943974764,0.9847922943974764,-0.96200931068689333,-0.98667007444274168,-0.86453940884819946,-0.93519341821463364,-0.90180347359388668,-0.98479620950740565,-0.93998114439080938,-0.98521491619281343,-0.85073160970476525,0.99150722571105798,-0.99867387871855262,-0.92487017821044437,0.99314441816376875,-0.43699816864362112,0.73376554710435715,-0.98671126216769567,-0.82647497462791431,-0.95157786650608422,0.89855312627892836,0.99429741682382844,-0.97923044513010893,-0.99502715704667266,0.98580175437361028,-0.90924339060236292,0.10039890429067128
deg_overlap,0.1123875037211309,-0.63183983382418285,0.93383049662223894,0.84486175627089366,0.92172655909448398,0.93636488304885335,-0.93422140367071371,1,0.9613512588644586,-0.96135125886445916,0.95046955745385386,0.95149015604074028,0.64141404172164151,0.80531988044419089,0.69714418529963362,0.94411850045354739,0.91314977355794125,0.95280262188682274,0.98188213192278351,-0.88349700551864851,0.94085280610485289,0.87161649648863715,-0.96684699372624738,0.52242330754903277,-0.52911282943585447,0.94260343036610139,0.80885531440448211,0.97826320080671403,-0.68868241223158133,-0.94758336616956351,0.84783301638162301,0.93565434213508969,-0.88625482843489545,0.99753927775814133,-0.44482037643782946
N3,-0.077738093446089479,-0.79260608403608968,0.89756939033278138,0.95388575266425213,0.98128466239783507,0.98031968968589867,-0.9847922943974764,0.9613512588644586,1,-0.99999999999999989,0.98742069757942696,0.99941361308602572,0.8212689747325993,0.93695154774082279,0.85904347663632552,0.99711394563573497,0.95859440935072615,0.99908555768301144,0.89522158159408982,-0.96013274748853983,0.99041063969224097,0.86645450058337214,-0.99592558812479415,0.3788209499787365,-0.69841447711061733,0.9975578571544288,0.89459060188900097,0.98865765272320349,-0.84955575686501072,-0.98250376165391107,0.93673495324504952,0.98928128558354622,-0.97661711614582969,0.94687420234750286,-0.20075190997449927
SI,0.077738093446087675,0.79260608403608834,-0.89756939033278205,-0.95388575266425135,-0.98128466239783485,-0.98031968968589867,0.9847922943974764,-0.96135125886445916,-0.99999999999999989,1,-0.98742069757942685,-0.99941361308602539,-0.82126897473259808,-0.9369515477408219,-0.85904347663632441,-0.99711394563573463,-0.95859440935072582,-0.99908555768301111,-0.8952215815940906,0.9601327474885395,-0.99041063969224097,-0.86645450058337259,0.99592558812479404,-0.37882094997873839,0.69841447711061599,-0.99755785715442857,-0.89459060188899997,-0.98865765272320349,0.84955575686500973,0.98250376165391118,-0.93673495324504907,-0.989281285583546,0.97661711614582924,-0.9468742023475033,0.20075190997450096
N4,-0.16990435069228843,-0.81823006459362757,0.83113542150802222,0.93955042200605343,0.94962169250630413,0.93937465836670131,-0.96200931068689333,0.95046955745385386,0.98742069757942696,-0.98742069757942685,1,0.98656250894749109,0.80235031979118432,0.93071675980751545,0.82901501997332283,0.99216210038097263,0.98940473080166136,0.99110622678371996,0.89278154966440804,-0.93993148057863518,0.97466117937060304,0.8447613886033285,-0.97976261290389011,0.27279659192889538,-0.74872286191583115,0.9892922475692133,0.92805779426880253,0.98867262620086604,-0.82979016567661024,-0.9471244979689829,0.91568995912366913,0.98160159185366924,-0.95263777784591641,0.93745874082071468,-0.2388437685070515
kDN,-0.10239714965012808,-0.80960129889411869,0.88844256756836237,0.96300193942178769,0.98418161915284674,0.98106984749503767,-0.98667007444274168,0.95149015604074028,0.99941361308602572,-0.99941361308602539,0.98656250894749109,1,0.84002829619048125,0.94805507924415044,0.87541312953045058,0.99839393159589584,0.95927651040298278,0.99948745534945083,0.87949637755631693,-0.96577496231489979,0.99196087543073652,0.86392055547442559,-0.99465496552423693,0.36145992920804904,-0.71685962603250952,0.99908636251135274,0.89849611896829207,0.98414890290077273,-0.86617147685561591,-0.98231934344568417,0.94430852066409576,0.99129782148531809,-0.9829503002006893,0.93530715105765716,-0.16807840736931545
D3,-0.48037676229142839,-0.95208702819677604,0.60614191936436768,0.95185282756135914,0.8767710573451547,0.83838500228423851,-0.86453940884819946,0.64141404172164151,0.8212689747325993,-0.82126897473259808,0.80235031979118432,0.84002829619048125,1,0.95372628261017867,0.99437247091790981,0.84958807658816826,0.80752973416419827,0.8367088245549501,0.48689750444357599,-0.91134246607267499,0.86046376191407647,0.72697649859437363,-0.81533571366403801,0.085054725165248563,-0.89345654951174702,0.85434664115352854,0.77002907137136656,0.7395350407017004,-0.99518565886442079,-0.82809026440006206,0.92795666436426061,0.86567137537450334,-0.92069872878424031,0.59679785107794636,0.38530434950238918
CM,-0.33465321819030952,-0.91639295844080881,0.73580810211913927,0.98389164098602011,0.94096653743915759,0.91788747108382596,-0.93519341821463364,0.80531988044419089,0.93695154774082279,-0.9369515477408219,0.93071675980751545,0.94805507924415044,0.95372628261017867,1,0.96159745779935069,0.95460671088950477,0.9207202180351215,0.94705299609793092,0.68821455493708028,-0.94667252940131652,0.9409737113598553,0.75881523863624278,-0.92002306452657878,0.12561130996906361,-0.85016761087113335,0.95654140712644586,0.91616925103627633,0.89490467648389715,-0.95458945147384999,-0.90990771224124189,0.94093952506660217,0.94739153247938579,-0.97803369645986138,0.77777483086042898,0.11790531749440564
Borderline,-0.39014913774090632,-0.92984727075555296,0.68314237912466469,0.96879032662420839,0.91561607154756242,0.88575949297811585,-0.90180347359388668,0.69714418529963362,0.85904347663632552,-0.85904347663632441,0.82901501997332283,0.87541312953045058,0.99437247091790981,0.96159745779935069,1,0.8799405228349233,0.82214203196165991,0.87032129099325362,0.54915940635649685,-0.93894841639735982,0.8953395385469185,0.77093768893109116,-0.85640666489402439,0.18298176196535867,-0.85412427224451615,0.88566331657459729,0.77298612328853478,0.77937294425854697,-0.99566696106246533,-0.87520104250906616,0.95130095199596054,0.89588786121742081,-0.94832178214855967,0.65485243480189037,0.327211565262781
N1,-0.1528061395408076,-0.83407581614969728,0.86301401708287095,0.96797370127258742,0.97966827132700851,0.97153627586796432,-0.98479620950740565,0.94411850045354739,0.99711394563573497,-0.99711394563573463,0.99216210038097263,0.99839393159589584,0.84958807658816826,0.95460671088950477,0.8799405228349233,1,0.97274364640918332,0.99944197340461427,0.87043717298254397,-0.96810332119447051,0.99180815053607541,0.86418514876885766,-0.99195689280616839,0.32231768884039336,-0.75000371686190548,0.99975939659946733,0.90926211451637939,0.98234490543776454,-0.87510319631720179,-0.97457979886418411,0.94824668046079119,0.99402489768285895,-0.98210120295640735,0.92656516519883891,-0.15737824663551492
T1,-0.29228242346390687,-0.8627655272681739,0.75297817356976071,0.93179774710543661,0.92045331667767016,0.89734938248198326,-0.93998114439080938,0.91314977355794125,0.95859440935072615,-0.95859440935072582,0.98940473080166136,0.95927651040298278,0.80752973416419827,0.9207202180351215,0.82214203196165991,0.97274364640918332,1,0.96767943922731892,0.85249481163281293,-0.93028455175860625,0.95552022165023787,0.84376872273544179,-0.95339381013771551,0.19109110658060718,-0.81496259122287762,0.96765175940198234,0.91914473799109431,0.95895464127698504,-0.8356505550615847,-0.9107968184184293,0.91187547134649671,0.96892455429001989,-0.92885479369913015,0.89565561772161761,-0.20687989645427762
Clust,-0.11987904089257093,-0.81602320318145338,0.87851769860751372,0.96196059478004914,0.98064098730926408,0.97564487625148599,-0.98521491619281343,0.95280262188682274,0.99908555768301144,-0.99908555768301111,0.99110622678371996,0.99948745534945083,0.8367088245549501,0.94705299609793092,0.87032129099325362,0.99944197340461427,0.96767943922731892,1,0.88276674435605573,-0.96484908251251111,0.99172855729405895,0.86565878428050524,-0.99437124963997703,0.34683309847073784,-0.72767549491735239,0.99944904831143833,0.90386966166629645,0.98616610647312342,-0.86354079697655994,-0.97841917763731656,0.94330907054411961,0.99255625737100528,-0.97990371628171768,0.93669463236475692,-0.17861773176194679
N2,0.22419835238498226,-0.49602481094719086,0.90330109834774475,0.73058068229907969,0.83195055095806314,0.85603191839088866,-0.85073160970476525,0.98188213192278351,0.89522158159408982,-0.8952215815940906,0.89278154966440804,0.87949637755631693,0.48689750444357599,0.68821455493708028,0.54915940635649685,0.87043717298254397,0.85249481163281293,0.88276674435605573,1,-0.78200036083660629,0.86094696891307931,0.80970191897025434,-0.90142822153657542,0.54762955676704594,-0.39852021259057463,0.86688584704522964,0.7464825228701969,0.9370925993253626,-0.54103706017360931,-0.87209191095761662,0.73696909085510709,0.85556073277973244,-0.78345613252528845,0.99036999122655467,-0.60635604371019958
ONB,0.23804839598668978,0.88871381814645645,-0.83358995079413167,-0.98820217377453989,-0.98933382074221365,-0.97106795192120832,0.99150722571105798,-0.88349700551864851,-0.96013274748853983,0.9601327474885395,-0.93993148057863518,-0.96577496231489979,-0.91134246607267499,-0.94667252940131652,-0.93894841639735982,-0.96810332119447051,-0.93028455175860625,-0.96484908251251111,-0.78200036083660629,1,-0.98841660377602003,-0.92654814159375121,0.97124330777660495,-0.38478169988770888,0.79857778521195821,-0.97025145939826407,-0.80454663708973884,-0.91206694047844916,0.94215931460694635,0.97573708948959559,-0.99715717514556212,-0.98719492507207618,0.98496838375176665,-0.85056139426584387,-0.011529272340993435
LSCAvg,-0.1453925667222043,-0.83915526593411038,0.88093106174471147,0.97469020809292872,0.99421289053004869,0.98542402857442046,-0.99867387871855262,0.94085280610485289,0.99041063969224097,-0.99041063969224097,0.97466117937060304,0.99196087543073652,0.86046376191407647,0.9409737113598553,0.8953395385469185,0.99180815053607541,0.95552022165023787,0.99172855729405895,0.86094696891307931,-0.98841660377602003,1,0.91560927503507217,-0.9958749001824555,0.40476607404899123,-0.74531497772480648,0.99279308043870929,0.85055714770935409,0.96296169065594861,-0.89329594735577067,-0.99052397100553136,0.97424102437525861,0.99856747049398353,-0.98564034916430487,0.91760857007739183,-0.1224033119630078
DBC,-0.11872957450315338,-0.74651570539642309,0.8233178305566522,0.85947081338729248,0.90870991796549061,0.89582695599046724,-0.92487017821044437,0.87161649648863715,0.86645450058337214,-0.86645450058337259,0.8447613886033285,0.86392055547442559,0.72697649859437363,0.75881523863624278,0.77093768893109116,0.86418514876885766,0.84376872273544179,0.86565878428050524,0.80970191897025434,-0.92654814159375121,0.91560927503507217,1,-0.90731391580032883,0.60227232286146815,-0.65000106966083127,0.86452589057282947,0.59246637478325059,0.82690972035860166,-0.79005620888592309,-0.9179308046930853,0.92511552127712382,0.90913343187030393,-0.85775162198734944,0.8387653869335927,-0.16075522481431298
NSG,0.07180222102574213,0.79169681017979832,-0.90850452812812266,-0.9529011419465051,-0.98774227345444532,-0.98605183977386668,0.99314441816376875,-0.96684699372624738,-0.99592558812479415,0.99592558812479404,-0.97976261290389011,-0.99465496552423693,-0.81533571366403801,-0.92002306452657878,-0.85640666489402439,-0.99195689280616839,-0.95339381013771551,-0.99437124963997703,-0.90142822153657542,0.97124330777660495,-0.9958749001824555,-0.90731391580032883,1,-0.43728535864231866,0.69314615067837115,-0.99256149545565808,-0.8547789805969378,-0.97978078172116567,0.85084250653172677,0.99158023592529743,-0.95068749531381991,-0.99306107306332858,0.97339044994680857,-0.94935646474891033,0.20458493723011723
ICSV,0.6365214888136016,0.034686575977381812,0.71136053628111529,0.26066921234239337,0.44497735507533398,0.50091767554916744,-0.43699816864362112,0.52242330754903277,0.3788209499787365,-0.37882094997873839,0.27279659192889538,0.36145992920804904,0.085054725165248563,0.12561130996906361,0.18298176196535867,0.32231768884039336,0.19109110658060718,0.34683309847073784,0.54762955676704594,-0.38478169988770888,0.40476607404899123,0.60227232286146815,-0.43728535864231866,1,0.19284167138430752,0.33168934019346941,-0.045433770901383397,0.35771407636757652,-0.15924346043471915,-0.50989152878375188,0.36862815878929295,0.36221272177932173,-0.32696108113946282,0.51959668244659618,-0.36848136063373571
MRCA,0.76537968090984942,0.98333924519654681,-0.34487983143506479,-0.84364470278359915,-0.71878640512114533,-0.64966441484825932,0.73376554710435715,-0.52911282943585447,-0.69841447711061733,0.69841447711061599,-0.74872286191583115,-0.71685962603250952,-0.89345654951174702,-0.85016761087113335,-0.85412427224451615,-0.75000371686190548,-0.81496259122287762,-0.72767549491735239,-0.39852021259057463,0.79857778521195821,-0.74531497772480648,-0.65000106966083127,0.69314615067837115,0.19284167138430752,1,-0.74555144908489657,-0.74468431643204924,-0.64286387807805667,0.89166110126207654,0.65915598829970956,-0.82097716838905344,-0.77239856645191907,0.77587354912657847,-0.48357116465608213,-0.32361919433036102
C1,-0.14455434107048598,-0.83246701649125365,0.86901762388534165,0.97023078361873816,0.98299769132564063,0.9757781906995262,-0.98671126216769567,0.94260343036610139,0.9975578571544288,-0.99755785715442857,0.9892922475692133,0.99908636251135274,0.85434664115352854,0.95654140712644586,0.88566331657459729,0.99975939659946733,0.96765175940198234,0.99944904831143833,0.86688584704522964,-0.97025145939826407,0.99279308043870929,0.86452589057282947,-0.99256149545565808,0.33168934019346941,-0.74555144908489657,1,0.905329204849187,0.98059040418164511,-0.87939792136533723,-0.97783013504478045,0.95078178992914997,0.99404852513296482,-0.98522432318420616,0.92466871553676055,-0.14652260023651403
Purity,-0.25567045985373504,-0.77882629944326232,0.6623290885306341,0.85798729444728528,0.82104469880974695,0.80701198394328222,-0.82647497462791431,0.80885531440448211,0.89459060188900097,-0.89459060188899997,0.92805779426880253,0.89849611896829207,0.77002907137136656,0.91616925103627633,0.77298612328853478,0.90926211451637939,0.91914473799109431,0.90386966166629645,0.7464825228701969,-0.80454663708973884,0.85055714770935409,0.59246637478325059,-0.8547789805969378,-0.045433770901383397,-0.74468431643204924,0.905329204849187,1,0.91080690934136899,-0.76338153297214584,-0.80181763417315011,0.77560337059476092,0.86693966269541123,-0.86916970848463992,0.8056998936015447,-0.1519061459098722
C2,-0.021746415108220479,-0.72943112261096399,0.88916025919046893,0.9041666602808921,0.94268012429542636,0.94701948872532027,-0.95157786650608422,0.97826320080671403,0.98865765272320349,-0.98865765272320349,0.98867262620086604,0.98414890290077273,0.7395350407017004,0.89490467648389715,0.77937294425854697,0.98234490543776454,0.95895464127698504,0.98616610647312342,0.9370925993253626,-0.91206694047844916,0.96296169065594861,0.82690972035860166,-0.97978078172116567,0.35771407636757652,-0.64286387807805667,0.98059040418164511,0.91080690934136899,1,-0.76968866569913486,-0.95205235539636224,0.87935236568718023,0.9641864752397582,-0.93529177556539012,0.97307506177710368,-0.32985210696660111
NeighbourhoodSeparability,0.45366690826386347,0.95668506883634108,-0.6501222556938776,-0.96839311093287139,-0.90699929535171941,-0.86998403654067369,0.89855312627892836,-0.68868241223158133,-0.84955575686501072,0.84955575686500973,-0.82979016567661024,-0.86617147685561591,-0.99518565886442079,-0.95458945147384999,-0.99566696106246533,-0.87510319631720179,-0.8356505550615847,-0.86354079697655994,-0.54103706017360931,0.94215931460694635,-0.89329594735577067,-0.79005620888592309,0.85084250653172677,-0.15924346043471915,0.89166110126207654,-0.87939792136533723,-0.76338153297214584,-0.76968866569913486,1,0.86423897219814383,-0.95778666631272202,-0.89715706538365148,0.93890914401158487,-0.64345818464032978,-0.3296896635964216
IR,0.026429971539694341,0.77355253327969464,-0.9327362559649246,-0.95221297420825501,-0.99555611324134075,-0.99812899425173141,0.99429741682382844,-0.94758336616956351,-0.98250376165391107,0.98250376165391118,-0.9471244979689829,-0.98231934344568417,-0.82809026440006206,-0.90990771224124189,-0.87520104250906616,-0.97457979886418411,-0.9107968184184293,-0.97841917763731656,-0.87209191095761662,0.97573708948959559,-0.99052397100553136,-0.9179308046930853,0.99158023592529743,-0.50989152878375188,0.65915598829970956,-0.97783013504478045,-0.80181763417315011,-0.95205235539636224,0.86423897219814383,1,-0.95918511718032362,-0.98182437503437747,0.97556085564880057,-0.92656902722441159,0.14322879636585062
Silhouette,-0.2865339551741144,-0.90743507059701045,0.80052865251434946,0.98621899320032891,0.97765203572531167,0.95433155279569148,-0.97923044513010893,0.84783301638162301,0.93673495324504952,-0.93673495324504907,0.91568995912366913,0.94430852066409576,0.92795666436426061,0.94093952506660217,0.95130095199596054,0.94824668046079119,0.91187547134649671,0.94330907054411961,0.73696909085510709,-0.99715717514556212,0.97424102437525861,0.92511552127712382,-0.95068749531381991,0.36862815878929295,-0.82097716838905344,0.95078178992914997,0.77560337059476092,0.87935236568718023,-0.95778666631272202,-0.95918511718032362,1,0.9734934520989742,-0.97540738202076172,0.81033167138615803,0.075327401922539589
Bhattacharyya,-0.18697332193855759,-0.85776601784987982,0.8577498957397951,0.97723876880483951,0.98819405787014314,0.97542576738600806,-0.99502715704667266,0.93565434213508969,0.98928128558354622,-0.989281285583546,0.98160159185366924,0.99129782148531809,0.86567137537450334,0.94739153247938579,0.89588786121742081,0.99402489768285895,0.96892455429001989,0.99255625737100528,0.85556073277973244,-0.98719492507207618,0.99856747049398353,0.90913343187030393,-0.99306107306332858,0.36221272177932173,-0.77239856645191907,0.99404852513296482,0.86693966269541123,0.9641864752397582,-0.89715706538365148,-0.98182437503437747,0.9734934520989742,1,-0.98390988882388664,0.91212743250195261,-0.12023761021043375
Wasserstein,0.19245279468917875,0.86938804901327305,-0.84935903693317405,-0.99249571249182122,-0.99066282654482285,-0.97943460750079947,0.98580175437361028,-0.88625482843489545,-0.97661711614582969,0.97661711614582924,-0.95263777784591641,-0.9829503002006893,-0.92069872878424031,-0.97803369645986138,-0.94832178214855967,-0.98210120295640735,-0.92885479369913015,-0.97990371628171768,-0.78345613252528845,0.98496838375176665,-0.98564034916430487,-0.85775162198734944,0.97339044994680857,-0.32696108113946282,0.77587354912657847,-0.98522432318420616,-0.86916970848463992,-0.93529177556539012,0.93890914401158487,0.97556085564880057,-0.97540738202076172,-0.98390988882388664,1,-0.85986417004563842,-0.013245681221724537
SVM_SVR,0.15935650332529488,-0.5859739062633762,0.93093901422193925,0.81218111190765452,0.89646027290369101,0.91582736431672573,-0.90924339060236292,0.99753927775814133,0.94687420234750286,-0.9468742023475033,0.93745874082071468,0.93530715105765716,0.59679785107794636,0.77777483086042898,0.65485243480189037,0.92656516519883891,0.89565561772161761,0.93669463236475692,0.99036999122655467,-0.85056139426584387,0.91760857007739183,0.8387653869335927,-0.94935646474891033,0.51959668244659618,-0.48357116465608213,0.92466871553676055,0.8056998936015447,0.97307506177710368,-0.64345818464032978,-0.92656902722441159,0.81033167138615803,0.91212743250195261,-0.85986417004563842,1,-0.49586220416090432
TwoNN_ID,-0.57134959128953133,-0.29778323853425559,-0.34251385070565155,0.08848215113305008,-0.063475625800391317,-0.11456420214170582,0.10039890429067128,-0.44482037643782946,-0.20075190997449927,0.20075190997450096,-0.2388437685070515,-0.16807840736931545,0.38530434950238918,0.11790531749440564,0.327211565262781,-0.15737824663551492,-0.20687989645427762,-0.17861773176194679,-0.60635604371019958,-0.011529272340993435,-0.1224033119630078,-0.16075522481431298,0.20458493723011723,-0.36848136063373571,-0.32361919433036102,-0.14652260023651403,-0.1519061459098722,-0.32985210696660111,-0.3296896635964216,0.14322879636585062,0.075327401922539589,-0.12023761021043375,-0.013245681221724537,-0.49586220416090432,1
